# ******************************************************
# PLUTO 4.2 Grid File
# Generated on  Sun Mar  4 00:07:32 2018
# 
# DIMENSIONS: 3
# GEOMETRY:   CARTESIAN
# X1: [-30.000000,  30.000000], 512 point(s), 2 ghosts
# X2: [-30.000000,  30.000000], 512 point(s), 2 ghosts
# X3: [-30.000000,  30.000000], 512 point(s), 2 ghosts
# ******************************************************
512 
 1   -3.000000000000e+01    -2.988281250000e+01
 2   -2.988281250000e+01    -2.976562500000e+01
 3   -2.976562500000e+01    -2.964843750000e+01
 4   -2.964843750000e+01    -2.953125000000e+01
 5   -2.953125000000e+01    -2.941406250000e+01
 6   -2.941406250000e+01    -2.929687500000e+01
 7   -2.929687500000e+01    -2.917968750000e+01
 8   -2.917968750000e+01    -2.906250000000e+01
 9   -2.906250000000e+01    -2.894531250000e+01
 10   -2.894531250000e+01    -2.882812500000e+01
 11   -2.882812500000e+01    -2.871093750000e+01
 12   -2.871093750000e+01    -2.859375000000e+01
 13   -2.859375000000e+01    -2.847656250000e+01
 14   -2.847656250000e+01    -2.835937500000e+01
 15   -2.835937500000e+01    -2.824218750000e+01
 16   -2.824218750000e+01    -2.812500000000e+01
 17   -2.812500000000e+01    -2.800781250000e+01
 18   -2.800781250000e+01    -2.789062500000e+01
 19   -2.789062500000e+01    -2.777343750000e+01
 20   -2.777343750000e+01    -2.765625000000e+01
 21   -2.765625000000e+01    -2.753906250000e+01
 22   -2.753906250000e+01    -2.742187500000e+01
 23   -2.742187500000e+01    -2.730468750000e+01
 24   -2.730468750000e+01    -2.718750000000e+01
 25   -2.718750000000e+01    -2.707031250000e+01
 26   -2.707031250000e+01    -2.695312500000e+01
 27   -2.695312500000e+01    -2.683593750000e+01
 28   -2.683593750000e+01    -2.671875000000e+01
 29   -2.671875000000e+01    -2.660156250000e+01
 30   -2.660156250000e+01    -2.648437500000e+01
 31   -2.648437500000e+01    -2.636718750000e+01
 32   -2.636718750000e+01    -2.625000000000e+01
 33   -2.625000000000e+01    -2.613281250000e+01
 34   -2.613281250000e+01    -2.601562500000e+01
 35   -2.601562500000e+01    -2.589843750000e+01
 36   -2.589843750000e+01    -2.578125000000e+01
 37   -2.578125000000e+01    -2.566406250000e+01
 38   -2.566406250000e+01    -2.554687500000e+01
 39   -2.554687500000e+01    -2.542968750000e+01
 40   -2.542968750000e+01    -2.531250000000e+01
 41   -2.531250000000e+01    -2.519531250000e+01
 42   -2.519531250000e+01    -2.507812500000e+01
 43   -2.507812500000e+01    -2.496093750000e+01
 44   -2.496093750000e+01    -2.484375000000e+01
 45   -2.484375000000e+01    -2.472656250000e+01
 46   -2.472656250000e+01    -2.460937500000e+01
 47   -2.460937500000e+01    -2.449218750000e+01
 48   -2.449218750000e+01    -2.437500000000e+01
 49   -2.437500000000e+01    -2.425781250000e+01
 50   -2.425781250000e+01    -2.414062500000e+01
 51   -2.414062500000e+01    -2.402343750000e+01
 52   -2.402343750000e+01    -2.390625000000e+01
 53   -2.390625000000e+01    -2.378906250000e+01
 54   -2.378906250000e+01    -2.367187500000e+01
 55   -2.367187500000e+01    -2.355468750000e+01
 56   -2.355468750000e+01    -2.343750000000e+01
 57   -2.343750000000e+01    -2.332031250000e+01
 58   -2.332031250000e+01    -2.320312500000e+01
 59   -2.320312500000e+01    -2.308593750000e+01
 60   -2.308593750000e+01    -2.296875000000e+01
 61   -2.296875000000e+01    -2.285156250000e+01
 62   -2.285156250000e+01    -2.273437500000e+01
 63   -2.273437500000e+01    -2.261718750000e+01
 64   -2.261718750000e+01    -2.250000000000e+01
 65   -2.250000000000e+01    -2.238281250000e+01
 66   -2.238281250000e+01    -2.226562500000e+01
 67   -2.226562500000e+01    -2.214843750000e+01
 68   -2.214843750000e+01    -2.203125000000e+01
 69   -2.203125000000e+01    -2.191406250000e+01
 70   -2.191406250000e+01    -2.179687500000e+01
 71   -2.179687500000e+01    -2.167968750000e+01
 72   -2.167968750000e+01    -2.156250000000e+01
 73   -2.156250000000e+01    -2.144531250000e+01
 74   -2.144531250000e+01    -2.132812500000e+01
 75   -2.132812500000e+01    -2.121093750000e+01
 76   -2.121093750000e+01    -2.109375000000e+01
 77   -2.109375000000e+01    -2.097656250000e+01
 78   -2.097656250000e+01    -2.085937500000e+01
 79   -2.085937500000e+01    -2.074218750000e+01
 80   -2.074218750000e+01    -2.062500000000e+01
 81   -2.062500000000e+01    -2.050781250000e+01
 82   -2.050781250000e+01    -2.039062500000e+01
 83   -2.039062500000e+01    -2.027343750000e+01
 84   -2.027343750000e+01    -2.015625000000e+01
 85   -2.015625000000e+01    -2.003906250000e+01
 86   -2.003906250000e+01    -1.992187500000e+01
 87   -1.992187500000e+01    -1.980468750000e+01
 88   -1.980468750000e+01    -1.968750000000e+01
 89   -1.968750000000e+01    -1.957031250000e+01
 90   -1.957031250000e+01    -1.945312500000e+01
 91   -1.945312500000e+01    -1.933593750000e+01
 92   -1.933593750000e+01    -1.921875000000e+01
 93   -1.921875000000e+01    -1.910156250000e+01
 94   -1.910156250000e+01    -1.898437500000e+01
 95   -1.898437500000e+01    -1.886718750000e+01
 96   -1.886718750000e+01    -1.875000000000e+01
 97   -1.875000000000e+01    -1.863281250000e+01
 98   -1.863281250000e+01    -1.851562500000e+01
 99   -1.851562500000e+01    -1.839843750000e+01
 100   -1.839843750000e+01    -1.828125000000e+01
 101   -1.828125000000e+01    -1.816406250000e+01
 102   -1.816406250000e+01    -1.804687500000e+01
 103   -1.804687500000e+01    -1.792968750000e+01
 104   -1.792968750000e+01    -1.781250000000e+01
 105   -1.781250000000e+01    -1.769531250000e+01
 106   -1.769531250000e+01    -1.757812500000e+01
 107   -1.757812500000e+01    -1.746093750000e+01
 108   -1.746093750000e+01    -1.734375000000e+01
 109   -1.734375000000e+01    -1.722656250000e+01
 110   -1.722656250000e+01    -1.710937500000e+01
 111   -1.710937500000e+01    -1.699218750000e+01
 112   -1.699218750000e+01    -1.687500000000e+01
 113   -1.687500000000e+01    -1.675781250000e+01
 114   -1.675781250000e+01    -1.664062500000e+01
 115   -1.664062500000e+01    -1.652343750000e+01
 116   -1.652343750000e+01    -1.640625000000e+01
 117   -1.640625000000e+01    -1.628906250000e+01
 118   -1.628906250000e+01    -1.617187500000e+01
 119   -1.617187500000e+01    -1.605468750000e+01
 120   -1.605468750000e+01    -1.593750000000e+01
 121   -1.593750000000e+01    -1.582031250000e+01
 122   -1.582031250000e+01    -1.570312500000e+01
 123   -1.570312500000e+01    -1.558593750000e+01
 124   -1.558593750000e+01    -1.546875000000e+01
 125   -1.546875000000e+01    -1.535156250000e+01
 126   -1.535156250000e+01    -1.523437500000e+01
 127   -1.523437500000e+01    -1.511718750000e+01
 128   -1.511718750000e+01    -1.500000000000e+01
 129   -1.500000000000e+01    -1.488281250000e+01
 130   -1.488281250000e+01    -1.476562500000e+01
 131   -1.476562500000e+01    -1.464843750000e+01
 132   -1.464843750000e+01    -1.453125000000e+01
 133   -1.453125000000e+01    -1.441406250000e+01
 134   -1.441406250000e+01    -1.429687500000e+01
 135   -1.429687500000e+01    -1.417968750000e+01
 136   -1.417968750000e+01    -1.406250000000e+01
 137   -1.406250000000e+01    -1.394531250000e+01
 138   -1.394531250000e+01    -1.382812500000e+01
 139   -1.382812500000e+01    -1.371093750000e+01
 140   -1.371093750000e+01    -1.359375000000e+01
 141   -1.359375000000e+01    -1.347656250000e+01
 142   -1.347656250000e+01    -1.335937500000e+01
 143   -1.335937500000e+01    -1.324218750000e+01
 144   -1.324218750000e+01    -1.312500000000e+01
 145   -1.312500000000e+01    -1.300781250000e+01
 146   -1.300781250000e+01    -1.289062500000e+01
 147   -1.289062500000e+01    -1.277343750000e+01
 148   -1.277343750000e+01    -1.265625000000e+01
 149   -1.265625000000e+01    -1.253906250000e+01
 150   -1.253906250000e+01    -1.242187500000e+01
 151   -1.242187500000e+01    -1.230468750000e+01
 152   -1.230468750000e+01    -1.218750000000e+01
 153   -1.218750000000e+01    -1.207031250000e+01
 154   -1.207031250000e+01    -1.195312500000e+01
 155   -1.195312500000e+01    -1.183593750000e+01
 156   -1.183593750000e+01    -1.171875000000e+01
 157   -1.171875000000e+01    -1.160156250000e+01
 158   -1.160156250000e+01    -1.148437500000e+01
 159   -1.148437500000e+01    -1.136718750000e+01
 160   -1.136718750000e+01    -1.125000000000e+01
 161   -1.125000000000e+01    -1.113281250000e+01
 162   -1.113281250000e+01    -1.101562500000e+01
 163   -1.101562500000e+01    -1.089843750000e+01
 164   -1.089843750000e+01    -1.078125000000e+01
 165   -1.078125000000e+01    -1.066406250000e+01
 166   -1.066406250000e+01    -1.054687500000e+01
 167   -1.054687500000e+01    -1.042968750000e+01
 168   -1.042968750000e+01    -1.031250000000e+01
 169   -1.031250000000e+01    -1.019531250000e+01
 170   -1.019531250000e+01    -1.007812500000e+01
 171   -1.007812500000e+01    -9.960937500000e+00
 172   -9.960937500000e+00    -9.843750000000e+00
 173   -9.843750000000e+00    -9.726562500000e+00
 174   -9.726562500000e+00    -9.609375000000e+00
 175   -9.609375000000e+00    -9.492187500000e+00
 176   -9.492187500000e+00    -9.375000000000e+00
 177   -9.375000000000e+00    -9.257812500000e+00
 178   -9.257812500000e+00    -9.140625000000e+00
 179   -9.140625000000e+00    -9.023437500000e+00
 180   -9.023437500000e+00    -8.906250000000e+00
 181   -8.906250000000e+00    -8.789062500000e+00
 182   -8.789062500000e+00    -8.671875000000e+00
 183   -8.671875000000e+00    -8.554687500000e+00
 184   -8.554687500000e+00    -8.437500000000e+00
 185   -8.437500000000e+00    -8.320312500000e+00
 186   -8.320312500000e+00    -8.203125000000e+00
 187   -8.203125000000e+00    -8.085937500000e+00
 188   -8.085937500000e+00    -7.968750000000e+00
 189   -7.968750000000e+00    -7.851562500000e+00
 190   -7.851562500000e+00    -7.734375000000e+00
 191   -7.734375000000e+00    -7.617187500000e+00
 192   -7.617187500000e+00    -7.500000000000e+00
 193   -7.500000000000e+00    -7.382812500000e+00
 194   -7.382812500000e+00    -7.265625000000e+00
 195   -7.265625000000e+00    -7.148437500000e+00
 196   -7.148437500000e+00    -7.031250000000e+00
 197   -7.031250000000e+00    -6.914062500000e+00
 198   -6.914062500000e+00    -6.796875000000e+00
 199   -6.796875000000e+00    -6.679687500000e+00
 200   -6.679687500000e+00    -6.562500000000e+00
 201   -6.562500000000e+00    -6.445312500000e+00
 202   -6.445312500000e+00    -6.328125000000e+00
 203   -6.328125000000e+00    -6.210937500000e+00
 204   -6.210937500000e+00    -6.093750000000e+00
 205   -6.093750000000e+00    -5.976562500000e+00
 206   -5.976562500000e+00    -5.859375000000e+00
 207   -5.859375000000e+00    -5.742187500000e+00
 208   -5.742187500000e+00    -5.625000000000e+00
 209   -5.625000000000e+00    -5.507812500000e+00
 210   -5.507812500000e+00    -5.390625000000e+00
 211   -5.390625000000e+00    -5.273437500000e+00
 212   -5.273437500000e+00    -5.156250000000e+00
 213   -5.156250000000e+00    -5.039062500000e+00
 214   -5.039062500000e+00    -4.921875000000e+00
 215   -4.921875000000e+00    -4.804687500000e+00
 216   -4.804687500000e+00    -4.687500000000e+00
 217   -4.687500000000e+00    -4.570312500000e+00
 218   -4.570312500000e+00    -4.453125000000e+00
 219   -4.453125000000e+00    -4.335937500000e+00
 220   -4.335937500000e+00    -4.218750000000e+00
 221   -4.218750000000e+00    -4.101562500000e+00
 222   -4.101562500000e+00    -3.984375000000e+00
 223   -3.984375000000e+00    -3.867187500000e+00
 224   -3.867187500000e+00    -3.750000000000e+00
 225   -3.750000000000e+00    -3.632812500000e+00
 226   -3.632812500000e+00    -3.515625000000e+00
 227   -3.515625000000e+00    -3.398437500000e+00
 228   -3.398437500000e+00    -3.281250000000e+00
 229   -3.281250000000e+00    -3.164062500000e+00
 230   -3.164062500000e+00    -3.046875000000e+00
 231   -3.046875000000e+00    -2.929687500000e+00
 232   -2.929687500000e+00    -2.812500000000e+00
 233   -2.812500000000e+00    -2.695312500000e+00
 234   -2.695312500000e+00    -2.578125000000e+00
 235   -2.578125000000e+00    -2.460937500000e+00
 236   -2.460937500000e+00    -2.343750000000e+00
 237   -2.343750000000e+00    -2.226562500000e+00
 238   -2.226562500000e+00    -2.109375000000e+00
 239   -2.109375000000e+00    -1.992187500000e+00
 240   -1.992187500000e+00    -1.875000000000e+00
 241   -1.875000000000e+00    -1.757812500000e+00
 242   -1.757812500000e+00    -1.640625000000e+00
 243   -1.640625000000e+00    -1.523437500000e+00
 244   -1.523437500000e+00    -1.406250000000e+00
 245   -1.406250000000e+00    -1.289062500000e+00
 246   -1.289062500000e+00    -1.171875000000e+00
 247   -1.171875000000e+00    -1.054687500000e+00
 248   -1.054687500000e+00    -9.375000000000e-01
 249   -9.375000000000e-01    -8.203125000000e-01
 250   -8.203125000000e-01    -7.031250000000e-01
 251   -7.031250000000e-01    -5.859375000000e-01
 252   -5.859375000000e-01    -4.687500000000e-01
 253   -4.687500000000e-01    -3.515625000000e-01
 254   -3.515625000000e-01    -2.343750000000e-01
 255   -2.343750000000e-01    -1.171875000000e-01
 256   -1.171875000000e-01    0.000000000000e+00
 257   0.000000000000e+00    1.171875000000e-01
 258   1.171875000000e-01    2.343750000000e-01
 259   2.343750000000e-01    3.515625000000e-01
 260   3.515625000000e-01    4.687500000000e-01
 261   4.687500000000e-01    5.859375000000e-01
 262   5.859375000000e-01    7.031250000000e-01
 263   7.031250000000e-01    8.203125000000e-01
 264   8.203125000000e-01    9.375000000000e-01
 265   9.375000000000e-01    1.054687500000e+00
 266   1.054687500000e+00    1.171875000000e+00
 267   1.171875000000e+00    1.289062500000e+00
 268   1.289062500000e+00    1.406250000000e+00
 269   1.406250000000e+00    1.523437500000e+00
 270   1.523437500000e+00    1.640625000000e+00
 271   1.640625000000e+00    1.757812500000e+00
 272   1.757812500000e+00    1.875000000000e+00
 273   1.875000000000e+00    1.992187500000e+00
 274   1.992187500000e+00    2.109375000000e+00
 275   2.109375000000e+00    2.226562500000e+00
 276   2.226562500000e+00    2.343750000000e+00
 277   2.343750000000e+00    2.460937500000e+00
 278   2.460937500000e+00    2.578125000000e+00
 279   2.578125000000e+00    2.695312500000e+00
 280   2.695312500000e+00    2.812500000000e+00
 281   2.812500000000e+00    2.929687500000e+00
 282   2.929687500000e+00    3.046875000000e+00
 283   3.046875000000e+00    3.164062500000e+00
 284   3.164062500000e+00    3.281250000000e+00
 285   3.281250000000e+00    3.398437500000e+00
 286   3.398437500000e+00    3.515625000000e+00
 287   3.515625000000e+00    3.632812500000e+00
 288   3.632812500000e+00    3.750000000000e+00
 289   3.750000000000e+00    3.867187500000e+00
 290   3.867187500000e+00    3.984375000000e+00
 291   3.984375000000e+00    4.101562500000e+00
 292   4.101562500000e+00    4.218750000000e+00
 293   4.218750000000e+00    4.335937500000e+00
 294   4.335937500000e+00    4.453125000000e+00
 295   4.453125000000e+00    4.570312500000e+00
 296   4.570312500000e+00    4.687500000000e+00
 297   4.687500000000e+00    4.804687500000e+00
 298   4.804687500000e+00    4.921875000000e+00
 299   4.921875000000e+00    5.039062500000e+00
 300   5.039062500000e+00    5.156250000000e+00
 301   5.156250000000e+00    5.273437500000e+00
 302   5.273437500000e+00    5.390625000000e+00
 303   5.390625000000e+00    5.507812500000e+00
 304   5.507812500000e+00    5.625000000000e+00
 305   5.625000000000e+00    5.742187500000e+00
 306   5.742187500000e+00    5.859375000000e+00
 307   5.859375000000e+00    5.976562500000e+00
 308   5.976562500000e+00    6.093750000000e+00
 309   6.093750000000e+00    6.210937500000e+00
 310   6.210937500000e+00    6.328125000000e+00
 311   6.328125000000e+00    6.445312500000e+00
 312   6.445312500000e+00    6.562500000000e+00
 313   6.562500000000e+00    6.679687500000e+00
 314   6.679687500000e+00    6.796875000000e+00
 315   6.796875000000e+00    6.914062500000e+00
 316   6.914062500000e+00    7.031250000000e+00
 317   7.031250000000e+00    7.148437500000e+00
 318   7.148437500000e+00    7.265625000000e+00
 319   7.265625000000e+00    7.382812500000e+00
 320   7.382812500000e+00    7.500000000000e+00
 321   7.500000000000e+00    7.617187500000e+00
 322   7.617187500000e+00    7.734375000000e+00
 323   7.734375000000e+00    7.851562500000e+00
 324   7.851562500000e+00    7.968750000000e+00
 325   7.968750000000e+00    8.085937500000e+00
 326   8.085937500000e+00    8.203125000000e+00
 327   8.203125000000e+00    8.320312500000e+00
 328   8.320312500000e+00    8.437500000000e+00
 329   8.437500000000e+00    8.554687500000e+00
 330   8.554687500000e+00    8.671875000000e+00
 331   8.671875000000e+00    8.789062500000e+00
 332   8.789062500000e+00    8.906250000000e+00
 333   8.906250000000e+00    9.023437500000e+00
 334   9.023437500000e+00    9.140625000000e+00
 335   9.140625000000e+00    9.257812500000e+00
 336   9.257812500000e+00    9.375000000000e+00
 337   9.375000000000e+00    9.492187500000e+00
 338   9.492187500000e+00    9.609375000000e+00
 339   9.609375000000e+00    9.726562500000e+00
 340   9.726562500000e+00    9.843750000000e+00
 341   9.843750000000e+00    9.960937500000e+00
 342   9.960937500000e+00    1.007812500000e+01
 343   1.007812500000e+01    1.019531250000e+01
 344   1.019531250000e+01    1.031250000000e+01
 345   1.031250000000e+01    1.042968750000e+01
 346   1.042968750000e+01    1.054687500000e+01
 347   1.054687500000e+01    1.066406250000e+01
 348   1.066406250000e+01    1.078125000000e+01
 349   1.078125000000e+01    1.089843750000e+01
 350   1.089843750000e+01    1.101562500000e+01
 351   1.101562500000e+01    1.113281250000e+01
 352   1.113281250000e+01    1.125000000000e+01
 353   1.125000000000e+01    1.136718750000e+01
 354   1.136718750000e+01    1.148437500000e+01
 355   1.148437500000e+01    1.160156250000e+01
 356   1.160156250000e+01    1.171875000000e+01
 357   1.171875000000e+01    1.183593750000e+01
 358   1.183593750000e+01    1.195312500000e+01
 359   1.195312500000e+01    1.207031250000e+01
 360   1.207031250000e+01    1.218750000000e+01
 361   1.218750000000e+01    1.230468750000e+01
 362   1.230468750000e+01    1.242187500000e+01
 363   1.242187500000e+01    1.253906250000e+01
 364   1.253906250000e+01    1.265625000000e+01
 365   1.265625000000e+01    1.277343750000e+01
 366   1.277343750000e+01    1.289062500000e+01
 367   1.289062500000e+01    1.300781250000e+01
 368   1.300781250000e+01    1.312500000000e+01
 369   1.312500000000e+01    1.324218750000e+01
 370   1.324218750000e+01    1.335937500000e+01
 371   1.335937500000e+01    1.347656250000e+01
 372   1.347656250000e+01    1.359375000000e+01
 373   1.359375000000e+01    1.371093750000e+01
 374   1.371093750000e+01    1.382812500000e+01
 375   1.382812500000e+01    1.394531250000e+01
 376   1.394531250000e+01    1.406250000000e+01
 377   1.406250000000e+01    1.417968750000e+01
 378   1.417968750000e+01    1.429687500000e+01
 379   1.429687500000e+01    1.441406250000e+01
 380   1.441406250000e+01    1.453125000000e+01
 381   1.453125000000e+01    1.464843750000e+01
 382   1.464843750000e+01    1.476562500000e+01
 383   1.476562500000e+01    1.488281250000e+01
 384   1.488281250000e+01    1.500000000000e+01
 385   1.500000000000e+01    1.511718750000e+01
 386   1.511718750000e+01    1.523437500000e+01
 387   1.523437500000e+01    1.535156250000e+01
 388   1.535156250000e+01    1.546875000000e+01
 389   1.546875000000e+01    1.558593750000e+01
 390   1.558593750000e+01    1.570312500000e+01
 391   1.570312500000e+01    1.582031250000e+01
 392   1.582031250000e+01    1.593750000000e+01
 393   1.593750000000e+01    1.605468750000e+01
 394   1.605468750000e+01    1.617187500000e+01
 395   1.617187500000e+01    1.628906250000e+01
 396   1.628906250000e+01    1.640625000000e+01
 397   1.640625000000e+01    1.652343750000e+01
 398   1.652343750000e+01    1.664062500000e+01
 399   1.664062500000e+01    1.675781250000e+01
 400   1.675781250000e+01    1.687500000000e+01
 401   1.687500000000e+01    1.699218750000e+01
 402   1.699218750000e+01    1.710937500000e+01
 403   1.710937500000e+01    1.722656250000e+01
 404   1.722656250000e+01    1.734375000000e+01
 405   1.734375000000e+01    1.746093750000e+01
 406   1.746093750000e+01    1.757812500000e+01
 407   1.757812500000e+01    1.769531250000e+01
 408   1.769531250000e+01    1.781250000000e+01
 409   1.781250000000e+01    1.792968750000e+01
 410   1.792968750000e+01    1.804687500000e+01
 411   1.804687500000e+01    1.816406250000e+01
 412   1.816406250000e+01    1.828125000000e+01
 413   1.828125000000e+01    1.839843750000e+01
 414   1.839843750000e+01    1.851562500000e+01
 415   1.851562500000e+01    1.863281250000e+01
 416   1.863281250000e+01    1.875000000000e+01
 417   1.875000000000e+01    1.886718750000e+01
 418   1.886718750000e+01    1.898437500000e+01
 419   1.898437500000e+01    1.910156250000e+01
 420   1.910156250000e+01    1.921875000000e+01
 421   1.921875000000e+01    1.933593750000e+01
 422   1.933593750000e+01    1.945312500000e+01
 423   1.945312500000e+01    1.957031250000e+01
 424   1.957031250000e+01    1.968750000000e+01
 425   1.968750000000e+01    1.980468750000e+01
 426   1.980468750000e+01    1.992187500000e+01
 427   1.992187500000e+01    2.003906250000e+01
 428   2.003906250000e+01    2.015625000000e+01
 429   2.015625000000e+01    2.027343750000e+01
 430   2.027343750000e+01    2.039062500000e+01
 431   2.039062500000e+01    2.050781250000e+01
 432   2.050781250000e+01    2.062500000000e+01
 433   2.062500000000e+01    2.074218750000e+01
 434   2.074218750000e+01    2.085937500000e+01
 435   2.085937500000e+01    2.097656250000e+01
 436   2.097656250000e+01    2.109375000000e+01
 437   2.109375000000e+01    2.121093750000e+01
 438   2.121093750000e+01    2.132812500000e+01
 439   2.132812500000e+01    2.144531250000e+01
 440   2.144531250000e+01    2.156250000000e+01
 441   2.156250000000e+01    2.167968750000e+01
 442   2.167968750000e+01    2.179687500000e+01
 443   2.179687500000e+01    2.191406250000e+01
 444   2.191406250000e+01    2.203125000000e+01
 445   2.203125000000e+01    2.214843750000e+01
 446   2.214843750000e+01    2.226562500000e+01
 447   2.226562500000e+01    2.238281250000e+01
 448   2.238281250000e+01    2.250000000000e+01
 449   2.250000000000e+01    2.261718750000e+01
 450   2.261718750000e+01    2.273437500000e+01
 451   2.273437500000e+01    2.285156250000e+01
 452   2.285156250000e+01    2.296875000000e+01
 453   2.296875000000e+01    2.308593750000e+01
 454   2.308593750000e+01    2.320312500000e+01
 455   2.320312500000e+01    2.332031250000e+01
 456   2.332031250000e+01    2.343750000000e+01
 457   2.343750000000e+01    2.355468750000e+01
 458   2.355468750000e+01    2.367187500000e+01
 459   2.367187500000e+01    2.378906250000e+01
 460   2.378906250000e+01    2.390625000000e+01
 461   2.390625000000e+01    2.402343750000e+01
 462   2.402343750000e+01    2.414062500000e+01
 463   2.414062500000e+01    2.425781250000e+01
 464   2.425781250000e+01    2.437500000000e+01
 465   2.437500000000e+01    2.449218750000e+01
 466   2.449218750000e+01    2.460937500000e+01
 467   2.460937500000e+01    2.472656250000e+01
 468   2.472656250000e+01    2.484375000000e+01
 469   2.484375000000e+01    2.496093750000e+01
 470   2.496093750000e+01    2.507812500000e+01
 471   2.507812500000e+01    2.519531250000e+01
 472   2.519531250000e+01    2.531250000000e+01
 473   2.531250000000e+01    2.542968750000e+01
 474   2.542968750000e+01    2.554687500000e+01
 475   2.554687500000e+01    2.566406250000e+01
 476   2.566406250000e+01    2.578125000000e+01
 477   2.578125000000e+01    2.589843750000e+01
 478   2.589843750000e+01    2.601562500000e+01
 479   2.601562500000e+01    2.613281250000e+01
 480   2.613281250000e+01    2.625000000000e+01
 481   2.625000000000e+01    2.636718750000e+01
 482   2.636718750000e+01    2.648437500000e+01
 483   2.648437500000e+01    2.660156250000e+01
 484   2.660156250000e+01    2.671875000000e+01
 485   2.671875000000e+01    2.683593750000e+01
 486   2.683593750000e+01    2.695312500000e+01
 487   2.695312500000e+01    2.707031250000e+01
 488   2.707031250000e+01    2.718750000000e+01
 489   2.718750000000e+01    2.730468750000e+01
 490   2.730468750000e+01    2.742187500000e+01
 491   2.742187500000e+01    2.753906250000e+01
 492   2.753906250000e+01    2.765625000000e+01
 493   2.765625000000e+01    2.777343750000e+01
 494   2.777343750000e+01    2.789062500000e+01
 495   2.789062500000e+01    2.800781250000e+01
 496   2.800781250000e+01    2.812500000000e+01
 497   2.812500000000e+01    2.824218750000e+01
 498   2.824218750000e+01    2.835937500000e+01
 499   2.835937500000e+01    2.847656250000e+01
 500   2.847656250000e+01    2.859375000000e+01
 501   2.859375000000e+01    2.871093750000e+01
 502   2.871093750000e+01    2.882812500000e+01
 503   2.882812500000e+01    2.894531250000e+01
 504   2.894531250000e+01    2.906250000000e+01
 505   2.906250000000e+01    2.917968750000e+01
 506   2.917968750000e+01    2.929687500000e+01
 507   2.929687500000e+01    2.941406250000e+01
 508   2.941406250000e+01    2.953125000000e+01
 509   2.953125000000e+01    2.964843750000e+01
 510   2.964843750000e+01    2.976562500000e+01
 511   2.976562500000e+01    2.988281250000e+01
 512   2.988281250000e+01    3.000000000000e+01
512 
 1   -3.000000000000e+01    -2.988281250000e+01
 2   -2.988281250000e+01    -2.976562500000e+01
 3   -2.976562500000e+01    -2.964843750000e+01
 4   -2.964843750000e+01    -2.953125000000e+01
 5   -2.953125000000e+01    -2.941406250000e+01
 6   -2.941406250000e+01    -2.929687500000e+01
 7   -2.929687500000e+01    -2.917968750000e+01
 8   -2.917968750000e+01    -2.906250000000e+01
 9   -2.906250000000e+01    -2.894531250000e+01
 10   -2.894531250000e+01    -2.882812500000e+01
 11   -2.882812500000e+01    -2.871093750000e+01
 12   -2.871093750000e+01    -2.859375000000e+01
 13   -2.859375000000e+01    -2.847656250000e+01
 14   -2.847656250000e+01    -2.835937500000e+01
 15   -2.835937500000e+01    -2.824218750000e+01
 16   -2.824218750000e+01    -2.812500000000e+01
 17   -2.812500000000e+01    -2.800781250000e+01
 18   -2.800781250000e+01    -2.789062500000e+01
 19   -2.789062500000e+01    -2.777343750000e+01
 20   -2.777343750000e+01    -2.765625000000e+01
 21   -2.765625000000e+01    -2.753906250000e+01
 22   -2.753906250000e+01    -2.742187500000e+01
 23   -2.742187500000e+01    -2.730468750000e+01
 24   -2.730468750000e+01    -2.718750000000e+01
 25   -2.718750000000e+01    -2.707031250000e+01
 26   -2.707031250000e+01    -2.695312500000e+01
 27   -2.695312500000e+01    -2.683593750000e+01
 28   -2.683593750000e+01    -2.671875000000e+01
 29   -2.671875000000e+01    -2.660156250000e+01
 30   -2.660156250000e+01    -2.648437500000e+01
 31   -2.648437500000e+01    -2.636718750000e+01
 32   -2.636718750000e+01    -2.625000000000e+01
 33   -2.625000000000e+01    -2.613281250000e+01
 34   -2.613281250000e+01    -2.601562500000e+01
 35   -2.601562500000e+01    -2.589843750000e+01
 36   -2.589843750000e+01    -2.578125000000e+01
 37   -2.578125000000e+01    -2.566406250000e+01
 38   -2.566406250000e+01    -2.554687500000e+01
 39   -2.554687500000e+01    -2.542968750000e+01
 40   -2.542968750000e+01    -2.531250000000e+01
 41   -2.531250000000e+01    -2.519531250000e+01
 42   -2.519531250000e+01    -2.507812500000e+01
 43   -2.507812500000e+01    -2.496093750000e+01
 44   -2.496093750000e+01    -2.484375000000e+01
 45   -2.484375000000e+01    -2.472656250000e+01
 46   -2.472656250000e+01    -2.460937500000e+01
 47   -2.460937500000e+01    -2.449218750000e+01
 48   -2.449218750000e+01    -2.437500000000e+01
 49   -2.437500000000e+01    -2.425781250000e+01
 50   -2.425781250000e+01    -2.414062500000e+01
 51   -2.414062500000e+01    -2.402343750000e+01
 52   -2.402343750000e+01    -2.390625000000e+01
 53   -2.390625000000e+01    -2.378906250000e+01
 54   -2.378906250000e+01    -2.367187500000e+01
 55   -2.367187500000e+01    -2.355468750000e+01
 56   -2.355468750000e+01    -2.343750000000e+01
 57   -2.343750000000e+01    -2.332031250000e+01
 58   -2.332031250000e+01    -2.320312500000e+01
 59   -2.320312500000e+01    -2.308593750000e+01
 60   -2.308593750000e+01    -2.296875000000e+01
 61   -2.296875000000e+01    -2.285156250000e+01
 62   -2.285156250000e+01    -2.273437500000e+01
 63   -2.273437500000e+01    -2.261718750000e+01
 64   -2.261718750000e+01    -2.250000000000e+01
 65   -2.250000000000e+01    -2.238281250000e+01
 66   -2.238281250000e+01    -2.226562500000e+01
 67   -2.226562500000e+01    -2.214843750000e+01
 68   -2.214843750000e+01    -2.203125000000e+01
 69   -2.203125000000e+01    -2.191406250000e+01
 70   -2.191406250000e+01    -2.179687500000e+01
 71   -2.179687500000e+01    -2.167968750000e+01
 72   -2.167968750000e+01    -2.156250000000e+01
 73   -2.156250000000e+01    -2.144531250000e+01
 74   -2.144531250000e+01    -2.132812500000e+01
 75   -2.132812500000e+01    -2.121093750000e+01
 76   -2.121093750000e+01    -2.109375000000e+01
 77   -2.109375000000e+01    -2.097656250000e+01
 78   -2.097656250000e+01    -2.085937500000e+01
 79   -2.085937500000e+01    -2.074218750000e+01
 80   -2.074218750000e+01    -2.062500000000e+01
 81   -2.062500000000e+01    -2.050781250000e+01
 82   -2.050781250000e+01    -2.039062500000e+01
 83   -2.039062500000e+01    -2.027343750000e+01
 84   -2.027343750000e+01    -2.015625000000e+01
 85   -2.015625000000e+01    -2.003906250000e+01
 86   -2.003906250000e+01    -1.992187500000e+01
 87   -1.992187500000e+01    -1.980468750000e+01
 88   -1.980468750000e+01    -1.968750000000e+01
 89   -1.968750000000e+01    -1.957031250000e+01
 90   -1.957031250000e+01    -1.945312500000e+01
 91   -1.945312500000e+01    -1.933593750000e+01
 92   -1.933593750000e+01    -1.921875000000e+01
 93   -1.921875000000e+01    -1.910156250000e+01
 94   -1.910156250000e+01    -1.898437500000e+01
 95   -1.898437500000e+01    -1.886718750000e+01
 96   -1.886718750000e+01    -1.875000000000e+01
 97   -1.875000000000e+01    -1.863281250000e+01
 98   -1.863281250000e+01    -1.851562500000e+01
 99   -1.851562500000e+01    -1.839843750000e+01
 100   -1.839843750000e+01    -1.828125000000e+01
 101   -1.828125000000e+01    -1.816406250000e+01
 102   -1.816406250000e+01    -1.804687500000e+01
 103   -1.804687500000e+01    -1.792968750000e+01
 104   -1.792968750000e+01    -1.781250000000e+01
 105   -1.781250000000e+01    -1.769531250000e+01
 106   -1.769531250000e+01    -1.757812500000e+01
 107   -1.757812500000e+01    -1.746093750000e+01
 108   -1.746093750000e+01    -1.734375000000e+01
 109   -1.734375000000e+01    -1.722656250000e+01
 110   -1.722656250000e+01    -1.710937500000e+01
 111   -1.710937500000e+01    -1.699218750000e+01
 112   -1.699218750000e+01    -1.687500000000e+01
 113   -1.687500000000e+01    -1.675781250000e+01
 114   -1.675781250000e+01    -1.664062500000e+01
 115   -1.664062500000e+01    -1.652343750000e+01
 116   -1.652343750000e+01    -1.640625000000e+01
 117   -1.640625000000e+01    -1.628906250000e+01
 118   -1.628906250000e+01    -1.617187500000e+01
 119   -1.617187500000e+01    -1.605468750000e+01
 120   -1.605468750000e+01    -1.593750000000e+01
 121   -1.593750000000e+01    -1.582031250000e+01
 122   -1.582031250000e+01    -1.570312500000e+01
 123   -1.570312500000e+01    -1.558593750000e+01
 124   -1.558593750000e+01    -1.546875000000e+01
 125   -1.546875000000e+01    -1.535156250000e+01
 126   -1.535156250000e+01    -1.523437500000e+01
 127   -1.523437500000e+01    -1.511718750000e+01
 128   -1.511718750000e+01    -1.500000000000e+01
 129   -1.500000000000e+01    -1.488281250000e+01
 130   -1.488281250000e+01    -1.476562500000e+01
 131   -1.476562500000e+01    -1.464843750000e+01
 132   -1.464843750000e+01    -1.453125000000e+01
 133   -1.453125000000e+01    -1.441406250000e+01
 134   -1.441406250000e+01    -1.429687500000e+01
 135   -1.429687500000e+01    -1.417968750000e+01
 136   -1.417968750000e+01    -1.406250000000e+01
 137   -1.406250000000e+01    -1.394531250000e+01
 138   -1.394531250000e+01    -1.382812500000e+01
 139   -1.382812500000e+01    -1.371093750000e+01
 140   -1.371093750000e+01    -1.359375000000e+01
 141   -1.359375000000e+01    -1.347656250000e+01
 142   -1.347656250000e+01    -1.335937500000e+01
 143   -1.335937500000e+01    -1.324218750000e+01
 144   -1.324218750000e+01    -1.312500000000e+01
 145   -1.312500000000e+01    -1.300781250000e+01
 146   -1.300781250000e+01    -1.289062500000e+01
 147   -1.289062500000e+01    -1.277343750000e+01
 148   -1.277343750000e+01    -1.265625000000e+01
 149   -1.265625000000e+01    -1.253906250000e+01
 150   -1.253906250000e+01    -1.242187500000e+01
 151   -1.242187500000e+01    -1.230468750000e+01
 152   -1.230468750000e+01    -1.218750000000e+01
 153   -1.218750000000e+01    -1.207031250000e+01
 154   -1.207031250000e+01    -1.195312500000e+01
 155   -1.195312500000e+01    -1.183593750000e+01
 156   -1.183593750000e+01    -1.171875000000e+01
 157   -1.171875000000e+01    -1.160156250000e+01
 158   -1.160156250000e+01    -1.148437500000e+01
 159   -1.148437500000e+01    -1.136718750000e+01
 160   -1.136718750000e+01    -1.125000000000e+01
 161   -1.125000000000e+01    -1.113281250000e+01
 162   -1.113281250000e+01    -1.101562500000e+01
 163   -1.101562500000e+01    -1.089843750000e+01
 164   -1.089843750000e+01    -1.078125000000e+01
 165   -1.078125000000e+01    -1.066406250000e+01
 166   -1.066406250000e+01    -1.054687500000e+01
 167   -1.054687500000e+01    -1.042968750000e+01
 168   -1.042968750000e+01    -1.031250000000e+01
 169   -1.031250000000e+01    -1.019531250000e+01
 170   -1.019531250000e+01    -1.007812500000e+01
 171   -1.007812500000e+01    -9.960937500000e+00
 172   -9.960937500000e+00    -9.843750000000e+00
 173   -9.843750000000e+00    -9.726562500000e+00
 174   -9.726562500000e+00    -9.609375000000e+00
 175   -9.609375000000e+00    -9.492187500000e+00
 176   -9.492187500000e+00    -9.375000000000e+00
 177   -9.375000000000e+00    -9.257812500000e+00
 178   -9.257812500000e+00    -9.140625000000e+00
 179   -9.140625000000e+00    -9.023437500000e+00
 180   -9.023437500000e+00    -8.906250000000e+00
 181   -8.906250000000e+00    -8.789062500000e+00
 182   -8.789062500000e+00    -8.671875000000e+00
 183   -8.671875000000e+00    -8.554687500000e+00
 184   -8.554687500000e+00    -8.437500000000e+00
 185   -8.437500000000e+00    -8.320312500000e+00
 186   -8.320312500000e+00    -8.203125000000e+00
 187   -8.203125000000e+00    -8.085937500000e+00
 188   -8.085937500000e+00    -7.968750000000e+00
 189   -7.968750000000e+00    -7.851562500000e+00
 190   -7.851562500000e+00    -7.734375000000e+00
 191   -7.734375000000e+00    -7.617187500000e+00
 192   -7.617187500000e+00    -7.500000000000e+00
 193   -7.500000000000e+00    -7.382812500000e+00
 194   -7.382812500000e+00    -7.265625000000e+00
 195   -7.265625000000e+00    -7.148437500000e+00
 196   -7.148437500000e+00    -7.031250000000e+00
 197   -7.031250000000e+00    -6.914062500000e+00
 198   -6.914062500000e+00    -6.796875000000e+00
 199   -6.796875000000e+00    -6.679687500000e+00
 200   -6.679687500000e+00    -6.562500000000e+00
 201   -6.562500000000e+00    -6.445312500000e+00
 202   -6.445312500000e+00    -6.328125000000e+00
 203   -6.328125000000e+00    -6.210937500000e+00
 204   -6.210937500000e+00    -6.093750000000e+00
 205   -6.093750000000e+00    -5.976562500000e+00
 206   -5.976562500000e+00    -5.859375000000e+00
 207   -5.859375000000e+00    -5.742187500000e+00
 208   -5.742187500000e+00    -5.625000000000e+00
 209   -5.625000000000e+00    -5.507812500000e+00
 210   -5.507812500000e+00    -5.390625000000e+00
 211   -5.390625000000e+00    -5.273437500000e+00
 212   -5.273437500000e+00    -5.156250000000e+00
 213   -5.156250000000e+00    -5.039062500000e+00
 214   -5.039062500000e+00    -4.921875000000e+00
 215   -4.921875000000e+00    -4.804687500000e+00
 216   -4.804687500000e+00    -4.687500000000e+00
 217   -4.687500000000e+00    -4.570312500000e+00
 218   -4.570312500000e+00    -4.453125000000e+00
 219   -4.453125000000e+00    -4.335937500000e+00
 220   -4.335937500000e+00    -4.218750000000e+00
 221   -4.218750000000e+00    -4.101562500000e+00
 222   -4.101562500000e+00    -3.984375000000e+00
 223   -3.984375000000e+00    -3.867187500000e+00
 224   -3.867187500000e+00    -3.750000000000e+00
 225   -3.750000000000e+00    -3.632812500000e+00
 226   -3.632812500000e+00    -3.515625000000e+00
 227   -3.515625000000e+00    -3.398437500000e+00
 228   -3.398437500000e+00    -3.281250000000e+00
 229   -3.281250000000e+00    -3.164062500000e+00
 230   -3.164062500000e+00    -3.046875000000e+00
 231   -3.046875000000e+00    -2.929687500000e+00
 232   -2.929687500000e+00    -2.812500000000e+00
 233   -2.812500000000e+00    -2.695312500000e+00
 234   -2.695312500000e+00    -2.578125000000e+00
 235   -2.578125000000e+00    -2.460937500000e+00
 236   -2.460937500000e+00    -2.343750000000e+00
 237   -2.343750000000e+00    -2.226562500000e+00
 238   -2.226562500000e+00    -2.109375000000e+00
 239   -2.109375000000e+00    -1.992187500000e+00
 240   -1.992187500000e+00    -1.875000000000e+00
 241   -1.875000000000e+00    -1.757812500000e+00
 242   -1.757812500000e+00    -1.640625000000e+00
 243   -1.640625000000e+00    -1.523437500000e+00
 244   -1.523437500000e+00    -1.406250000000e+00
 245   -1.406250000000e+00    -1.289062500000e+00
 246   -1.289062500000e+00    -1.171875000000e+00
 247   -1.171875000000e+00    -1.054687500000e+00
 248   -1.054687500000e+00    -9.375000000000e-01
 249   -9.375000000000e-01    -8.203125000000e-01
 250   -8.203125000000e-01    -7.031250000000e-01
 251   -7.031250000000e-01    -5.859375000000e-01
 252   -5.859375000000e-01    -4.687500000000e-01
 253   -4.687500000000e-01    -3.515625000000e-01
 254   -3.515625000000e-01    -2.343750000000e-01
 255   -2.343750000000e-01    -1.171875000000e-01
 256   -1.171875000000e-01    0.000000000000e+00
 257   0.000000000000e+00    1.171875000000e-01
 258   1.171875000000e-01    2.343750000000e-01
 259   2.343750000000e-01    3.515625000000e-01
 260   3.515625000000e-01    4.687500000000e-01
 261   4.687500000000e-01    5.859375000000e-01
 262   5.859375000000e-01    7.031250000000e-01
 263   7.031250000000e-01    8.203125000000e-01
 264   8.203125000000e-01    9.375000000000e-01
 265   9.375000000000e-01    1.054687500000e+00
 266   1.054687500000e+00    1.171875000000e+00
 267   1.171875000000e+00    1.289062500000e+00
 268   1.289062500000e+00    1.406250000000e+00
 269   1.406250000000e+00    1.523437500000e+00
 270   1.523437500000e+00    1.640625000000e+00
 271   1.640625000000e+00    1.757812500000e+00
 272   1.757812500000e+00    1.875000000000e+00
 273   1.875000000000e+00    1.992187500000e+00
 274   1.992187500000e+00    2.109375000000e+00
 275   2.109375000000e+00    2.226562500000e+00
 276   2.226562500000e+00    2.343750000000e+00
 277   2.343750000000e+00    2.460937500000e+00
 278   2.460937500000e+00    2.578125000000e+00
 279   2.578125000000e+00    2.695312500000e+00
 280   2.695312500000e+00    2.812500000000e+00
 281   2.812500000000e+00    2.929687500000e+00
 282   2.929687500000e+00    3.046875000000e+00
 283   3.046875000000e+00    3.164062500000e+00
 284   3.164062500000e+00    3.281250000000e+00
 285   3.281250000000e+00    3.398437500000e+00
 286   3.398437500000e+00    3.515625000000e+00
 287   3.515625000000e+00    3.632812500000e+00
 288   3.632812500000e+00    3.750000000000e+00
 289   3.750000000000e+00    3.867187500000e+00
 290   3.867187500000e+00    3.984375000000e+00
 291   3.984375000000e+00    4.101562500000e+00
 292   4.101562500000e+00    4.218750000000e+00
 293   4.218750000000e+00    4.335937500000e+00
 294   4.335937500000e+00    4.453125000000e+00
 295   4.453125000000e+00    4.570312500000e+00
 296   4.570312500000e+00    4.687500000000e+00
 297   4.687500000000e+00    4.804687500000e+00
 298   4.804687500000e+00    4.921875000000e+00
 299   4.921875000000e+00    5.039062500000e+00
 300   5.039062500000e+00    5.156250000000e+00
 301   5.156250000000e+00    5.273437500000e+00
 302   5.273437500000e+00    5.390625000000e+00
 303   5.390625000000e+00    5.507812500000e+00
 304   5.507812500000e+00    5.625000000000e+00
 305   5.625000000000e+00    5.742187500000e+00
 306   5.742187500000e+00    5.859375000000e+00
 307   5.859375000000e+00    5.976562500000e+00
 308   5.976562500000e+00    6.093750000000e+00
 309   6.093750000000e+00    6.210937500000e+00
 310   6.210937500000e+00    6.328125000000e+00
 311   6.328125000000e+00    6.445312500000e+00
 312   6.445312500000e+00    6.562500000000e+00
 313   6.562500000000e+00    6.679687500000e+00
 314   6.679687500000e+00    6.796875000000e+00
 315   6.796875000000e+00    6.914062500000e+00
 316   6.914062500000e+00    7.031250000000e+00
 317   7.031250000000e+00    7.148437500000e+00
 318   7.148437500000e+00    7.265625000000e+00
 319   7.265625000000e+00    7.382812500000e+00
 320   7.382812500000e+00    7.500000000000e+00
 321   7.500000000000e+00    7.617187500000e+00
 322   7.617187500000e+00    7.734375000000e+00
 323   7.734375000000e+00    7.851562500000e+00
 324   7.851562500000e+00    7.968750000000e+00
 325   7.968750000000e+00    8.085937500000e+00
 326   8.085937500000e+00    8.203125000000e+00
 327   8.203125000000e+00    8.320312500000e+00
 328   8.320312500000e+00    8.437500000000e+00
 329   8.437500000000e+00    8.554687500000e+00
 330   8.554687500000e+00    8.671875000000e+00
 331   8.671875000000e+00    8.789062500000e+00
 332   8.789062500000e+00    8.906250000000e+00
 333   8.906250000000e+00    9.023437500000e+00
 334   9.023437500000e+00    9.140625000000e+00
 335   9.140625000000e+00    9.257812500000e+00
 336   9.257812500000e+00    9.375000000000e+00
 337   9.375000000000e+00    9.492187500000e+00
 338   9.492187500000e+00    9.609375000000e+00
 339   9.609375000000e+00    9.726562500000e+00
 340   9.726562500000e+00    9.843750000000e+00
 341   9.843750000000e+00    9.960937500000e+00
 342   9.960937500000e+00    1.007812500000e+01
 343   1.007812500000e+01    1.019531250000e+01
 344   1.019531250000e+01    1.031250000000e+01
 345   1.031250000000e+01    1.042968750000e+01
 346   1.042968750000e+01    1.054687500000e+01
 347   1.054687500000e+01    1.066406250000e+01
 348   1.066406250000e+01    1.078125000000e+01
 349   1.078125000000e+01    1.089843750000e+01
 350   1.089843750000e+01    1.101562500000e+01
 351   1.101562500000e+01    1.113281250000e+01
 352   1.113281250000e+01    1.125000000000e+01
 353   1.125000000000e+01    1.136718750000e+01
 354   1.136718750000e+01    1.148437500000e+01
 355   1.148437500000e+01    1.160156250000e+01
 356   1.160156250000e+01    1.171875000000e+01
 357   1.171875000000e+01    1.183593750000e+01
 358   1.183593750000e+01    1.195312500000e+01
 359   1.195312500000e+01    1.207031250000e+01
 360   1.207031250000e+01    1.218750000000e+01
 361   1.218750000000e+01    1.230468750000e+01
 362   1.230468750000e+01    1.242187500000e+01
 363   1.242187500000e+01    1.253906250000e+01
 364   1.253906250000e+01    1.265625000000e+01
 365   1.265625000000e+01    1.277343750000e+01
 366   1.277343750000e+01    1.289062500000e+01
 367   1.289062500000e+01    1.300781250000e+01
 368   1.300781250000e+01    1.312500000000e+01
 369   1.312500000000e+01    1.324218750000e+01
 370   1.324218750000e+01    1.335937500000e+01
 371   1.335937500000e+01    1.347656250000e+01
 372   1.347656250000e+01    1.359375000000e+01
 373   1.359375000000e+01    1.371093750000e+01
 374   1.371093750000e+01    1.382812500000e+01
 375   1.382812500000e+01    1.394531250000e+01
 376   1.394531250000e+01    1.406250000000e+01
 377   1.406250000000e+01    1.417968750000e+01
 378   1.417968750000e+01    1.429687500000e+01
 379   1.429687500000e+01    1.441406250000e+01
 380   1.441406250000e+01    1.453125000000e+01
 381   1.453125000000e+01    1.464843750000e+01
 382   1.464843750000e+01    1.476562500000e+01
 383   1.476562500000e+01    1.488281250000e+01
 384   1.488281250000e+01    1.500000000000e+01
 385   1.500000000000e+01    1.511718750000e+01
 386   1.511718750000e+01    1.523437500000e+01
 387   1.523437500000e+01    1.535156250000e+01
 388   1.535156250000e+01    1.546875000000e+01
 389   1.546875000000e+01    1.558593750000e+01
 390   1.558593750000e+01    1.570312500000e+01
 391   1.570312500000e+01    1.582031250000e+01
 392   1.582031250000e+01    1.593750000000e+01
 393   1.593750000000e+01    1.605468750000e+01
 394   1.605468750000e+01    1.617187500000e+01
 395   1.617187500000e+01    1.628906250000e+01
 396   1.628906250000e+01    1.640625000000e+01
 397   1.640625000000e+01    1.652343750000e+01
 398   1.652343750000e+01    1.664062500000e+01
 399   1.664062500000e+01    1.675781250000e+01
 400   1.675781250000e+01    1.687500000000e+01
 401   1.687500000000e+01    1.699218750000e+01
 402   1.699218750000e+01    1.710937500000e+01
 403   1.710937500000e+01    1.722656250000e+01
 404   1.722656250000e+01    1.734375000000e+01
 405   1.734375000000e+01    1.746093750000e+01
 406   1.746093750000e+01    1.757812500000e+01
 407   1.757812500000e+01    1.769531250000e+01
 408   1.769531250000e+01    1.781250000000e+01
 409   1.781250000000e+01    1.792968750000e+01
 410   1.792968750000e+01    1.804687500000e+01
 411   1.804687500000e+01    1.816406250000e+01
 412   1.816406250000e+01    1.828125000000e+01
 413   1.828125000000e+01    1.839843750000e+01
 414   1.839843750000e+01    1.851562500000e+01
 415   1.851562500000e+01    1.863281250000e+01
 416   1.863281250000e+01    1.875000000000e+01
 417   1.875000000000e+01    1.886718750000e+01
 418   1.886718750000e+01    1.898437500000e+01
 419   1.898437500000e+01    1.910156250000e+01
 420   1.910156250000e+01    1.921875000000e+01
 421   1.921875000000e+01    1.933593750000e+01
 422   1.933593750000e+01    1.945312500000e+01
 423   1.945312500000e+01    1.957031250000e+01
 424   1.957031250000e+01    1.968750000000e+01
 425   1.968750000000e+01    1.980468750000e+01
 426   1.980468750000e+01    1.992187500000e+01
 427   1.992187500000e+01    2.003906250000e+01
 428   2.003906250000e+01    2.015625000000e+01
 429   2.015625000000e+01    2.027343750000e+01
 430   2.027343750000e+01    2.039062500000e+01
 431   2.039062500000e+01    2.050781250000e+01
 432   2.050781250000e+01    2.062500000000e+01
 433   2.062500000000e+01    2.074218750000e+01
 434   2.074218750000e+01    2.085937500000e+01
 435   2.085937500000e+01    2.097656250000e+01
 436   2.097656250000e+01    2.109375000000e+01
 437   2.109375000000e+01    2.121093750000e+01
 438   2.121093750000e+01    2.132812500000e+01
 439   2.132812500000e+01    2.144531250000e+01
 440   2.144531250000e+01    2.156250000000e+01
 441   2.156250000000e+01    2.167968750000e+01
 442   2.167968750000e+01    2.179687500000e+01
 443   2.179687500000e+01    2.191406250000e+01
 444   2.191406250000e+01    2.203125000000e+01
 445   2.203125000000e+01    2.214843750000e+01
 446   2.214843750000e+01    2.226562500000e+01
 447   2.226562500000e+01    2.238281250000e+01
 448   2.238281250000e+01    2.250000000000e+01
 449   2.250000000000e+01    2.261718750000e+01
 450   2.261718750000e+01    2.273437500000e+01
 451   2.273437500000e+01    2.285156250000e+01
 452   2.285156250000e+01    2.296875000000e+01
 453   2.296875000000e+01    2.308593750000e+01
 454   2.308593750000e+01    2.320312500000e+01
 455   2.320312500000e+01    2.332031250000e+01
 456   2.332031250000e+01    2.343750000000e+01
 457   2.343750000000e+01    2.355468750000e+01
 458   2.355468750000e+01    2.367187500000e+01
 459   2.367187500000e+01    2.378906250000e+01
 460   2.378906250000e+01    2.390625000000e+01
 461   2.390625000000e+01    2.402343750000e+01
 462   2.402343750000e+01    2.414062500000e+01
 463   2.414062500000e+01    2.425781250000e+01
 464   2.425781250000e+01    2.437500000000e+01
 465   2.437500000000e+01    2.449218750000e+01
 466   2.449218750000e+01    2.460937500000e+01
 467   2.460937500000e+01    2.472656250000e+01
 468   2.472656250000e+01    2.484375000000e+01
 469   2.484375000000e+01    2.496093750000e+01
 470   2.496093750000e+01    2.507812500000e+01
 471   2.507812500000e+01    2.519531250000e+01
 472   2.519531250000e+01    2.531250000000e+01
 473   2.531250000000e+01    2.542968750000e+01
 474   2.542968750000e+01    2.554687500000e+01
 475   2.554687500000e+01    2.566406250000e+01
 476   2.566406250000e+01    2.578125000000e+01
 477   2.578125000000e+01    2.589843750000e+01
 478   2.589843750000e+01    2.601562500000e+01
 479   2.601562500000e+01    2.613281250000e+01
 480   2.613281250000e+01    2.625000000000e+01
 481   2.625000000000e+01    2.636718750000e+01
 482   2.636718750000e+01    2.648437500000e+01
 483   2.648437500000e+01    2.660156250000e+01
 484   2.660156250000e+01    2.671875000000e+01
 485   2.671875000000e+01    2.683593750000e+01
 486   2.683593750000e+01    2.695312500000e+01
 487   2.695312500000e+01    2.707031250000e+01
 488   2.707031250000e+01    2.718750000000e+01
 489   2.718750000000e+01    2.730468750000e+01
 490   2.730468750000e+01    2.742187500000e+01
 491   2.742187500000e+01    2.753906250000e+01
 492   2.753906250000e+01    2.765625000000e+01
 493   2.765625000000e+01    2.777343750000e+01
 494   2.777343750000e+01    2.789062500000e+01
 495   2.789062500000e+01    2.800781250000e+01
 496   2.800781250000e+01    2.812500000000e+01
 497   2.812500000000e+01    2.824218750000e+01
 498   2.824218750000e+01    2.835937500000e+01
 499   2.835937500000e+01    2.847656250000e+01
 500   2.847656250000e+01    2.859375000000e+01
 501   2.859375000000e+01    2.871093750000e+01
 502   2.871093750000e+01    2.882812500000e+01
 503   2.882812500000e+01    2.894531250000e+01
 504   2.894531250000e+01    2.906250000000e+01
 505   2.906250000000e+01    2.917968750000e+01
 506   2.917968750000e+01    2.929687500000e+01
 507   2.929687500000e+01    2.941406250000e+01
 508   2.941406250000e+01    2.953125000000e+01
 509   2.953125000000e+01    2.964843750000e+01
 510   2.964843750000e+01    2.976562500000e+01
 511   2.976562500000e+01    2.988281250000e+01
 512   2.988281250000e+01    3.000000000000e+01
512 
 1   -3.000000000000e+01    -2.988281250000e+01
 2   -2.988281250000e+01    -2.976562500000e+01
 3   -2.976562500000e+01    -2.964843750000e+01
 4   -2.964843750000e+01    -2.953125000000e+01
 5   -2.953125000000e+01    -2.941406250000e+01
 6   -2.941406250000e+01    -2.929687500000e+01
 7   -2.929687500000e+01    -2.917968750000e+01
 8   -2.917968750000e+01    -2.906250000000e+01
 9   -2.906250000000e+01    -2.894531250000e+01
 10   -2.894531250000e+01    -2.882812500000e+01
 11   -2.882812500000e+01    -2.871093750000e+01
 12   -2.871093750000e+01    -2.859375000000e+01
 13   -2.859375000000e+01    -2.847656250000e+01
 14   -2.847656250000e+01    -2.835937500000e+01
 15   -2.835937500000e+01    -2.824218750000e+01
 16   -2.824218750000e+01    -2.812500000000e+01
 17   -2.812500000000e+01    -2.800781250000e+01
 18   -2.800781250000e+01    -2.789062500000e+01
 19   -2.789062500000e+01    -2.777343750000e+01
 20   -2.777343750000e+01    -2.765625000000e+01
 21   -2.765625000000e+01    -2.753906250000e+01
 22   -2.753906250000e+01    -2.742187500000e+01
 23   -2.742187500000e+01    -2.730468750000e+01
 24   -2.730468750000e+01    -2.718750000000e+01
 25   -2.718750000000e+01    -2.707031250000e+01
 26   -2.707031250000e+01    -2.695312500000e+01
 27   -2.695312500000e+01    -2.683593750000e+01
 28   -2.683593750000e+01    -2.671875000000e+01
 29   -2.671875000000e+01    -2.660156250000e+01
 30   -2.660156250000e+01    -2.648437500000e+01
 31   -2.648437500000e+01    -2.636718750000e+01
 32   -2.636718750000e+01    -2.625000000000e+01
 33   -2.625000000000e+01    -2.613281250000e+01
 34   -2.613281250000e+01    -2.601562500000e+01
 35   -2.601562500000e+01    -2.589843750000e+01
 36   -2.589843750000e+01    -2.578125000000e+01
 37   -2.578125000000e+01    -2.566406250000e+01
 38   -2.566406250000e+01    -2.554687500000e+01
 39   -2.554687500000e+01    -2.542968750000e+01
 40   -2.542968750000e+01    -2.531250000000e+01
 41   -2.531250000000e+01    -2.519531250000e+01
 42   -2.519531250000e+01    -2.507812500000e+01
 43   -2.507812500000e+01    -2.496093750000e+01
 44   -2.496093750000e+01    -2.484375000000e+01
 45   -2.484375000000e+01    -2.472656250000e+01
 46   -2.472656250000e+01    -2.460937500000e+01
 47   -2.460937500000e+01    -2.449218750000e+01
 48   -2.449218750000e+01    -2.437500000000e+01
 49   -2.437500000000e+01    -2.425781250000e+01
 50   -2.425781250000e+01    -2.414062500000e+01
 51   -2.414062500000e+01    -2.402343750000e+01
 52   -2.402343750000e+01    -2.390625000000e+01
 53   -2.390625000000e+01    -2.378906250000e+01
 54   -2.378906250000e+01    -2.367187500000e+01
 55   -2.367187500000e+01    -2.355468750000e+01
 56   -2.355468750000e+01    -2.343750000000e+01
 57   -2.343750000000e+01    -2.332031250000e+01
 58   -2.332031250000e+01    -2.320312500000e+01
 59   -2.320312500000e+01    -2.308593750000e+01
 60   -2.308593750000e+01    -2.296875000000e+01
 61   -2.296875000000e+01    -2.285156250000e+01
 62   -2.285156250000e+01    -2.273437500000e+01
 63   -2.273437500000e+01    -2.261718750000e+01
 64   -2.261718750000e+01    -2.250000000000e+01
 65   -2.250000000000e+01    -2.238281250000e+01
 66   -2.238281250000e+01    -2.226562500000e+01
 67   -2.226562500000e+01    -2.214843750000e+01
 68   -2.214843750000e+01    -2.203125000000e+01
 69   -2.203125000000e+01    -2.191406250000e+01
 70   -2.191406250000e+01    -2.179687500000e+01
 71   -2.179687500000e+01    -2.167968750000e+01
 72   -2.167968750000e+01    -2.156250000000e+01
 73   -2.156250000000e+01    -2.144531250000e+01
 74   -2.144531250000e+01    -2.132812500000e+01
 75   -2.132812500000e+01    -2.121093750000e+01
 76   -2.121093750000e+01    -2.109375000000e+01
 77   -2.109375000000e+01    -2.097656250000e+01
 78   -2.097656250000e+01    -2.085937500000e+01
 79   -2.085937500000e+01    -2.074218750000e+01
 80   -2.074218750000e+01    -2.062500000000e+01
 81   -2.062500000000e+01    -2.050781250000e+01
 82   -2.050781250000e+01    -2.039062500000e+01
 83   -2.039062500000e+01    -2.027343750000e+01
 84   -2.027343750000e+01    -2.015625000000e+01
 85   -2.015625000000e+01    -2.003906250000e+01
 86   -2.003906250000e+01    -1.992187500000e+01
 87   -1.992187500000e+01    -1.980468750000e+01
 88   -1.980468750000e+01    -1.968750000000e+01
 89   -1.968750000000e+01    -1.957031250000e+01
 90   -1.957031250000e+01    -1.945312500000e+01
 91   -1.945312500000e+01    -1.933593750000e+01
 92   -1.933593750000e+01    -1.921875000000e+01
 93   -1.921875000000e+01    -1.910156250000e+01
 94   -1.910156250000e+01    -1.898437500000e+01
 95   -1.898437500000e+01    -1.886718750000e+01
 96   -1.886718750000e+01    -1.875000000000e+01
 97   -1.875000000000e+01    -1.863281250000e+01
 98   -1.863281250000e+01    -1.851562500000e+01
 99   -1.851562500000e+01    -1.839843750000e+01
 100   -1.839843750000e+01    -1.828125000000e+01
 101   -1.828125000000e+01    -1.816406250000e+01
 102   -1.816406250000e+01    -1.804687500000e+01
 103   -1.804687500000e+01    -1.792968750000e+01
 104   -1.792968750000e+01    -1.781250000000e+01
 105   -1.781250000000e+01    -1.769531250000e+01
 106   -1.769531250000e+01    -1.757812500000e+01
 107   -1.757812500000e+01    -1.746093750000e+01
 108   -1.746093750000e+01    -1.734375000000e+01
 109   -1.734375000000e+01    -1.722656250000e+01
 110   -1.722656250000e+01    -1.710937500000e+01
 111   -1.710937500000e+01    -1.699218750000e+01
 112   -1.699218750000e+01    -1.687500000000e+01
 113   -1.687500000000e+01    -1.675781250000e+01
 114   -1.675781250000e+01    -1.664062500000e+01
 115   -1.664062500000e+01    -1.652343750000e+01
 116   -1.652343750000e+01    -1.640625000000e+01
 117   -1.640625000000e+01    -1.628906250000e+01
 118   -1.628906250000e+01    -1.617187500000e+01
 119   -1.617187500000e+01    -1.605468750000e+01
 120   -1.605468750000e+01    -1.593750000000e+01
 121   -1.593750000000e+01    -1.582031250000e+01
 122   -1.582031250000e+01    -1.570312500000e+01
 123   -1.570312500000e+01    -1.558593750000e+01
 124   -1.558593750000e+01    -1.546875000000e+01
 125   -1.546875000000e+01    -1.535156250000e+01
 126   -1.535156250000e+01    -1.523437500000e+01
 127   -1.523437500000e+01    -1.511718750000e+01
 128   -1.511718750000e+01    -1.500000000000e+01
 129   -1.500000000000e+01    -1.488281250000e+01
 130   -1.488281250000e+01    -1.476562500000e+01
 131   -1.476562500000e+01    -1.464843750000e+01
 132   -1.464843750000e+01    -1.453125000000e+01
 133   -1.453125000000e+01    -1.441406250000e+01
 134   -1.441406250000e+01    -1.429687500000e+01
 135   -1.429687500000e+01    -1.417968750000e+01
 136   -1.417968750000e+01    -1.406250000000e+01
 137   -1.406250000000e+01    -1.394531250000e+01
 138   -1.394531250000e+01    -1.382812500000e+01
 139   -1.382812500000e+01    -1.371093750000e+01
 140   -1.371093750000e+01    -1.359375000000e+01
 141   -1.359375000000e+01    -1.347656250000e+01
 142   -1.347656250000e+01    -1.335937500000e+01
 143   -1.335937500000e+01    -1.324218750000e+01
 144   -1.324218750000e+01    -1.312500000000e+01
 145   -1.312500000000e+01    -1.300781250000e+01
 146   -1.300781250000e+01    -1.289062500000e+01
 147   -1.289062500000e+01    -1.277343750000e+01
 148   -1.277343750000e+01    -1.265625000000e+01
 149   -1.265625000000e+01    -1.253906250000e+01
 150   -1.253906250000e+01    -1.242187500000e+01
 151   -1.242187500000e+01    -1.230468750000e+01
 152   -1.230468750000e+01    -1.218750000000e+01
 153   -1.218750000000e+01    -1.207031250000e+01
 154   -1.207031250000e+01    -1.195312500000e+01
 155   -1.195312500000e+01    -1.183593750000e+01
 156   -1.183593750000e+01    -1.171875000000e+01
 157   -1.171875000000e+01    -1.160156250000e+01
 158   -1.160156250000e+01    -1.148437500000e+01
 159   -1.148437500000e+01    -1.136718750000e+01
 160   -1.136718750000e+01    -1.125000000000e+01
 161   -1.125000000000e+01    -1.113281250000e+01
 162   -1.113281250000e+01    -1.101562500000e+01
 163   -1.101562500000e+01    -1.089843750000e+01
 164   -1.089843750000e+01    -1.078125000000e+01
 165   -1.078125000000e+01    -1.066406250000e+01
 166   -1.066406250000e+01    -1.054687500000e+01
 167   -1.054687500000e+01    -1.042968750000e+01
 168   -1.042968750000e+01    -1.031250000000e+01
 169   -1.031250000000e+01    -1.019531250000e+01
 170   -1.019531250000e+01    -1.007812500000e+01
 171   -1.007812500000e+01    -9.960937500000e+00
 172   -9.960937500000e+00    -9.843750000000e+00
 173   -9.843750000000e+00    -9.726562500000e+00
 174   -9.726562500000e+00    -9.609375000000e+00
 175   -9.609375000000e+00    -9.492187500000e+00
 176   -9.492187500000e+00    -9.375000000000e+00
 177   -9.375000000000e+00    -9.257812500000e+00
 178   -9.257812500000e+00    -9.140625000000e+00
 179   -9.140625000000e+00    -9.023437500000e+00
 180   -9.023437500000e+00    -8.906250000000e+00
 181   -8.906250000000e+00    -8.789062500000e+00
 182   -8.789062500000e+00    -8.671875000000e+00
 183   -8.671875000000e+00    -8.554687500000e+00
 184   -8.554687500000e+00    -8.437500000000e+00
 185   -8.437500000000e+00    -8.320312500000e+00
 186   -8.320312500000e+00    -8.203125000000e+00
 187   -8.203125000000e+00    -8.085937500000e+00
 188   -8.085937500000e+00    -7.968750000000e+00
 189   -7.968750000000e+00    -7.851562500000e+00
 190   -7.851562500000e+00    -7.734375000000e+00
 191   -7.734375000000e+00    -7.617187500000e+00
 192   -7.617187500000e+00    -7.500000000000e+00
 193   -7.500000000000e+00    -7.382812500000e+00
 194   -7.382812500000e+00    -7.265625000000e+00
 195   -7.265625000000e+00    -7.148437500000e+00
 196   -7.148437500000e+00    -7.031250000000e+00
 197   -7.031250000000e+00    -6.914062500000e+00
 198   -6.914062500000e+00    -6.796875000000e+00
 199   -6.796875000000e+00    -6.679687500000e+00
 200   -6.679687500000e+00    -6.562500000000e+00
 201   -6.562500000000e+00    -6.445312500000e+00
 202   -6.445312500000e+00    -6.328125000000e+00
 203   -6.328125000000e+00    -6.210937500000e+00
 204   -6.210937500000e+00    -6.093750000000e+00
 205   -6.093750000000e+00    -5.976562500000e+00
 206   -5.976562500000e+00    -5.859375000000e+00
 207   -5.859375000000e+00    -5.742187500000e+00
 208   -5.742187500000e+00    -5.625000000000e+00
 209   -5.625000000000e+00    -5.507812500000e+00
 210   -5.507812500000e+00    -5.390625000000e+00
 211   -5.390625000000e+00    -5.273437500000e+00
 212   -5.273437500000e+00    -5.156250000000e+00
 213   -5.156250000000e+00    -5.039062500000e+00
 214   -5.039062500000e+00    -4.921875000000e+00
 215   -4.921875000000e+00    -4.804687500000e+00
 216   -4.804687500000e+00    -4.687500000000e+00
 217   -4.687500000000e+00    -4.570312500000e+00
 218   -4.570312500000e+00    -4.453125000000e+00
 219   -4.453125000000e+00    -4.335937500000e+00
 220   -4.335937500000e+00    -4.218750000000e+00
 221   -4.218750000000e+00    -4.101562500000e+00
 222   -4.101562500000e+00    -3.984375000000e+00
 223   -3.984375000000e+00    -3.867187500000e+00
 224   -3.867187500000e+00    -3.750000000000e+00
 225   -3.750000000000e+00    -3.632812500000e+00
 226   -3.632812500000e+00    -3.515625000000e+00
 227   -3.515625000000e+00    -3.398437500000e+00
 228   -3.398437500000e+00    -3.281250000000e+00
 229   -3.281250000000e+00    -3.164062500000e+00
 230   -3.164062500000e+00    -3.046875000000e+00
 231   -3.046875000000e+00    -2.929687500000e+00
 232   -2.929687500000e+00    -2.812500000000e+00
 233   -2.812500000000e+00    -2.695312500000e+00
 234   -2.695312500000e+00    -2.578125000000e+00
 235   -2.578125000000e+00    -2.460937500000e+00
 236   -2.460937500000e+00    -2.343750000000e+00
 237   -2.343750000000e+00    -2.226562500000e+00
 238   -2.226562500000e+00    -2.109375000000e+00
 239   -2.109375000000e+00    -1.992187500000e+00
 240   -1.992187500000e+00    -1.875000000000e+00
 241   -1.875000000000e+00    -1.757812500000e+00
 242   -1.757812500000e+00    -1.640625000000e+00
 243   -1.640625000000e+00    -1.523437500000e+00
 244   -1.523437500000e+00    -1.406250000000e+00
 245   -1.406250000000e+00    -1.289062500000e+00
 246   -1.289062500000e+00    -1.171875000000e+00
 247   -1.171875000000e+00    -1.054687500000e+00
 248   -1.054687500000e+00    -9.375000000000e-01
 249   -9.375000000000e-01    -8.203125000000e-01
 250   -8.203125000000e-01    -7.031250000000e-01
 251   -7.031250000000e-01    -5.859375000000e-01
 252   -5.859375000000e-01    -4.687500000000e-01
 253   -4.687500000000e-01    -3.515625000000e-01
 254   -3.515625000000e-01    -2.343750000000e-01
 255   -2.343750000000e-01    -1.171875000000e-01
 256   -1.171875000000e-01    0.000000000000e+00
 257   0.000000000000e+00    1.171875000000e-01
 258   1.171875000000e-01    2.343750000000e-01
 259   2.343750000000e-01    3.515625000000e-01
 260   3.515625000000e-01    4.687500000000e-01
 261   4.687500000000e-01    5.859375000000e-01
 262   5.859375000000e-01    7.031250000000e-01
 263   7.031250000000e-01    8.203125000000e-01
 264   8.203125000000e-01    9.375000000000e-01
 265   9.375000000000e-01    1.054687500000e+00
 266   1.054687500000e+00    1.171875000000e+00
 267   1.171875000000e+00    1.289062500000e+00
 268   1.289062500000e+00    1.406250000000e+00
 269   1.406250000000e+00    1.523437500000e+00
 270   1.523437500000e+00    1.640625000000e+00
 271   1.640625000000e+00    1.757812500000e+00
 272   1.757812500000e+00    1.875000000000e+00
 273   1.875000000000e+00    1.992187500000e+00
 274   1.992187500000e+00    2.109375000000e+00
 275   2.109375000000e+00    2.226562500000e+00
 276   2.226562500000e+00    2.343750000000e+00
 277   2.343750000000e+00    2.460937500000e+00
 278   2.460937500000e+00    2.578125000000e+00
 279   2.578125000000e+00    2.695312500000e+00
 280   2.695312500000e+00    2.812500000000e+00
 281   2.812500000000e+00    2.929687500000e+00
 282   2.929687500000e+00    3.046875000000e+00
 283   3.046875000000e+00    3.164062500000e+00
 284   3.164062500000e+00    3.281250000000e+00
 285   3.281250000000e+00    3.398437500000e+00
 286   3.398437500000e+00    3.515625000000e+00
 287   3.515625000000e+00    3.632812500000e+00
 288   3.632812500000e+00    3.750000000000e+00
 289   3.750000000000e+00    3.867187500000e+00
 290   3.867187500000e+00    3.984375000000e+00
 291   3.984375000000e+00    4.101562500000e+00
 292   4.101562500000e+00    4.218750000000e+00
 293   4.218750000000e+00    4.335937500000e+00
 294   4.335937500000e+00    4.453125000000e+00
 295   4.453125000000e+00    4.570312500000e+00
 296   4.570312500000e+00    4.687500000000e+00
 297   4.687500000000e+00    4.804687500000e+00
 298   4.804687500000e+00    4.921875000000e+00
 299   4.921875000000e+00    5.039062500000e+00
 300   5.039062500000e+00    5.156250000000e+00
 301   5.156250000000e+00    5.273437500000e+00
 302   5.273437500000e+00    5.390625000000e+00
 303   5.390625000000e+00    5.507812500000e+00
 304   5.507812500000e+00    5.625000000000e+00
 305   5.625000000000e+00    5.742187500000e+00
 306   5.742187500000e+00    5.859375000000e+00
 307   5.859375000000e+00    5.976562500000e+00
 308   5.976562500000e+00    6.093750000000e+00
 309   6.093750000000e+00    6.210937500000e+00
 310   6.210937500000e+00    6.328125000000e+00
 311   6.328125000000e+00    6.445312500000e+00
 312   6.445312500000e+00    6.562500000000e+00
 313   6.562500000000e+00    6.679687500000e+00
 314   6.679687500000e+00    6.796875000000e+00
 315   6.796875000000e+00    6.914062500000e+00
 316   6.914062500000e+00    7.031250000000e+00
 317   7.031250000000e+00    7.148437500000e+00
 318   7.148437500000e+00    7.265625000000e+00
 319   7.265625000000e+00    7.382812500000e+00
 320   7.382812500000e+00    7.500000000000e+00
 321   7.500000000000e+00    7.617187500000e+00
 322   7.617187500000e+00    7.734375000000e+00
 323   7.734375000000e+00    7.851562500000e+00
 324   7.851562500000e+00    7.968750000000e+00
 325   7.968750000000e+00    8.085937500000e+00
 326   8.085937500000e+00    8.203125000000e+00
 327   8.203125000000e+00    8.320312500000e+00
 328   8.320312500000e+00    8.437500000000e+00
 329   8.437500000000e+00    8.554687500000e+00
 330   8.554687500000e+00    8.671875000000e+00
 331   8.671875000000e+00    8.789062500000e+00
 332   8.789062500000e+00    8.906250000000e+00
 333   8.906250000000e+00    9.023437500000e+00
 334   9.023437500000e+00    9.140625000000e+00
 335   9.140625000000e+00    9.257812500000e+00
 336   9.257812500000e+00    9.375000000000e+00
 337   9.375000000000e+00    9.492187500000e+00
 338   9.492187500000e+00    9.609375000000e+00
 339   9.609375000000e+00    9.726562500000e+00
 340   9.726562500000e+00    9.843750000000e+00
 341   9.843750000000e+00    9.960937500000e+00
 342   9.960937500000e+00    1.007812500000e+01
 343   1.007812500000e+01    1.019531250000e+01
 344   1.019531250000e+01    1.031250000000e+01
 345   1.031250000000e+01    1.042968750000e+01
 346   1.042968750000e+01    1.054687500000e+01
 347   1.054687500000e+01    1.066406250000e+01
 348   1.066406250000e+01    1.078125000000e+01
 349   1.078125000000e+01    1.089843750000e+01
 350   1.089843750000e+01    1.101562500000e+01
 351   1.101562500000e+01    1.113281250000e+01
 352   1.113281250000e+01    1.125000000000e+01
 353   1.125000000000e+01    1.136718750000e+01
 354   1.136718750000e+01    1.148437500000e+01
 355   1.148437500000e+01    1.160156250000e+01
 356   1.160156250000e+01    1.171875000000e+01
 357   1.171875000000e+01    1.183593750000e+01
 358   1.183593750000e+01    1.195312500000e+01
 359   1.195312500000e+01    1.207031250000e+01
 360   1.207031250000e+01    1.218750000000e+01
 361   1.218750000000e+01    1.230468750000e+01
 362   1.230468750000e+01    1.242187500000e+01
 363   1.242187500000e+01    1.253906250000e+01
 364   1.253906250000e+01    1.265625000000e+01
 365   1.265625000000e+01    1.277343750000e+01
 366   1.277343750000e+01    1.289062500000e+01
 367   1.289062500000e+01    1.300781250000e+01
 368   1.300781250000e+01    1.312500000000e+01
 369   1.312500000000e+01    1.324218750000e+01
 370   1.324218750000e+01    1.335937500000e+01
 371   1.335937500000e+01    1.347656250000e+01
 372   1.347656250000e+01    1.359375000000e+01
 373   1.359375000000e+01    1.371093750000e+01
 374   1.371093750000e+01    1.382812500000e+01
 375   1.382812500000e+01    1.394531250000e+01
 376   1.394531250000e+01    1.406250000000e+01
 377   1.406250000000e+01    1.417968750000e+01
 378   1.417968750000e+01    1.429687500000e+01
 379   1.429687500000e+01    1.441406250000e+01
 380   1.441406250000e+01    1.453125000000e+01
 381   1.453125000000e+01    1.464843750000e+01
 382   1.464843750000e+01    1.476562500000e+01
 383   1.476562500000e+01    1.488281250000e+01
 384   1.488281250000e+01    1.500000000000e+01
 385   1.500000000000e+01    1.511718750000e+01
 386   1.511718750000e+01    1.523437500000e+01
 387   1.523437500000e+01    1.535156250000e+01
 388   1.535156250000e+01    1.546875000000e+01
 389   1.546875000000e+01    1.558593750000e+01
 390   1.558593750000e+01    1.570312500000e+01
 391   1.570312500000e+01    1.582031250000e+01
 392   1.582031250000e+01    1.593750000000e+01
 393   1.593750000000e+01    1.605468750000e+01
 394   1.605468750000e+01    1.617187500000e+01
 395   1.617187500000e+01    1.628906250000e+01
 396   1.628906250000e+01    1.640625000000e+01
 397   1.640625000000e+01    1.652343750000e+01
 398   1.652343750000e+01    1.664062500000e+01
 399   1.664062500000e+01    1.675781250000e+01
 400   1.675781250000e+01    1.687500000000e+01
 401   1.687500000000e+01    1.699218750000e+01
 402   1.699218750000e+01    1.710937500000e+01
 403   1.710937500000e+01    1.722656250000e+01
 404   1.722656250000e+01    1.734375000000e+01
 405   1.734375000000e+01    1.746093750000e+01
 406   1.746093750000e+01    1.757812500000e+01
 407   1.757812500000e+01    1.769531250000e+01
 408   1.769531250000e+01    1.781250000000e+01
 409   1.781250000000e+01    1.792968750000e+01
 410   1.792968750000e+01    1.804687500000e+01
 411   1.804687500000e+01    1.816406250000e+01
 412   1.816406250000e+01    1.828125000000e+01
 413   1.828125000000e+01    1.839843750000e+01
 414   1.839843750000e+01    1.851562500000e+01
 415   1.851562500000e+01    1.863281250000e+01
 416   1.863281250000e+01    1.875000000000e+01
 417   1.875000000000e+01    1.886718750000e+01
 418   1.886718750000e+01    1.898437500000e+01
 419   1.898437500000e+01    1.910156250000e+01
 420   1.910156250000e+01    1.921875000000e+01
 421   1.921875000000e+01    1.933593750000e+01
 422   1.933593750000e+01    1.945312500000e+01
 423   1.945312500000e+01    1.957031250000e+01
 424   1.957031250000e+01    1.968750000000e+01
 425   1.968750000000e+01    1.980468750000e+01
 426   1.980468750000e+01    1.992187500000e+01
 427   1.992187500000e+01    2.003906250000e+01
 428   2.003906250000e+01    2.015625000000e+01
 429   2.015625000000e+01    2.027343750000e+01
 430   2.027343750000e+01    2.039062500000e+01
 431   2.039062500000e+01    2.050781250000e+01
 432   2.050781250000e+01    2.062500000000e+01
 433   2.062500000000e+01    2.074218750000e+01
 434   2.074218750000e+01    2.085937500000e+01
 435   2.085937500000e+01    2.097656250000e+01
 436   2.097656250000e+01    2.109375000000e+01
 437   2.109375000000e+01    2.121093750000e+01
 438   2.121093750000e+01    2.132812500000e+01
 439   2.132812500000e+01    2.144531250000e+01
 440   2.144531250000e+01    2.156250000000e+01
 441   2.156250000000e+01    2.167968750000e+01
 442   2.167968750000e+01    2.179687500000e+01
 443   2.179687500000e+01    2.191406250000e+01
 444   2.191406250000e+01    2.203125000000e+01
 445   2.203125000000e+01    2.214843750000e+01
 446   2.214843750000e+01    2.226562500000e+01
 447   2.226562500000e+01    2.238281250000e+01
 448   2.238281250000e+01    2.250000000000e+01
 449   2.250000000000e+01    2.261718750000e+01
 450   2.261718750000e+01    2.273437500000e+01
 451   2.273437500000e+01    2.285156250000e+01
 452   2.285156250000e+01    2.296875000000e+01
 453   2.296875000000e+01    2.308593750000e+01
 454   2.308593750000e+01    2.320312500000e+01
 455   2.320312500000e+01    2.332031250000e+01
 456   2.332031250000e+01    2.343750000000e+01
 457   2.343750000000e+01    2.355468750000e+01
 458   2.355468750000e+01    2.367187500000e+01
 459   2.367187500000e+01    2.378906250000e+01
 460   2.378906250000e+01    2.390625000000e+01
 461   2.390625000000e+01    2.402343750000e+01
 462   2.402343750000e+01    2.414062500000e+01
 463   2.414062500000e+01    2.425781250000e+01
 464   2.425781250000e+01    2.437500000000e+01
 465   2.437500000000e+01    2.449218750000e+01
 466   2.449218750000e+01    2.460937500000e+01
 467   2.460937500000e+01    2.472656250000e+01
 468   2.472656250000e+01    2.484375000000e+01
 469   2.484375000000e+01    2.496093750000e+01
 470   2.496093750000e+01    2.507812500000e+01
 471   2.507812500000e+01    2.519531250000e+01
 472   2.519531250000e+01    2.531250000000e+01
 473   2.531250000000e+01    2.542968750000e+01
 474   2.542968750000e+01    2.554687500000e+01
 475   2.554687500000e+01    2.566406250000e+01
 476   2.566406250000e+01    2.578125000000e+01
 477   2.578125000000e+01    2.589843750000e+01
 478   2.589843750000e+01    2.601562500000e+01
 479   2.601562500000e+01    2.613281250000e+01
 480   2.613281250000e+01    2.625000000000e+01
 481   2.625000000000e+01    2.636718750000e+01
 482   2.636718750000e+01    2.648437500000e+01
 483   2.648437500000e+01    2.660156250000e+01
 484   2.660156250000e+01    2.671875000000e+01
 485   2.671875000000e+01    2.683593750000e+01
 486   2.683593750000e+01    2.695312500000e+01
 487   2.695312500000e+01    2.707031250000e+01
 488   2.707031250000e+01    2.718750000000e+01
 489   2.718750000000e+01    2.730468750000e+01
 490   2.730468750000e+01    2.742187500000e+01
 491   2.742187500000e+01    2.753906250000e+01
 492   2.753906250000e+01    2.765625000000e+01
 493   2.765625000000e+01    2.777343750000e+01
 494   2.777343750000e+01    2.789062500000e+01
 495   2.789062500000e+01    2.800781250000e+01
 496   2.800781250000e+01    2.812500000000e+01
 497   2.812500000000e+01    2.824218750000e+01
 498   2.824218750000e+01    2.835937500000e+01
 499   2.835937500000e+01    2.847656250000e+01
 500   2.847656250000e+01    2.859375000000e+01
 501   2.859375000000e+01    2.871093750000e+01
 502   2.871093750000e+01    2.882812500000e+01
 503   2.882812500000e+01    2.894531250000e+01
 504   2.894531250000e+01    2.906250000000e+01
 505   2.906250000000e+01    2.917968750000e+01
 506   2.917968750000e+01    2.929687500000e+01
 507   2.929687500000e+01    2.941406250000e+01
 508   2.941406250000e+01    2.953125000000e+01
 509   2.953125000000e+01    2.964843750000e+01
 510   2.964843750000e+01    2.976562500000e+01
 511   2.976562500000e+01    2.988281250000e+01
 512   2.988281250000e+01    3.000000000000e+01
