   5.4000000000000000E-006
   5.9264933336625028E-006
   6.5043191173974240E-006
   7.1384822017165582E-006
   7.8344754038780750E-006
   8.5983270840419001E-006
   9.4366533600414953E-006
   1.0356715413031442E-005
   1.1366482380364915E-005
   1.2474700380449068E-005
   1.3690968267438611E-005
   1.5025820771918481E-005
   1.6490819747700452E-005
   1.8098654315069759E-005
   1.9863250767874635E-005
   2.1799893196421413E-005
   2.3925355870952975E-005
   2.6258048532352933E-005
   2.8818175848514096E-005
   3.1627912417506032E-005
   3.4711594833335366E-005
   3.8095932477880712E-005
   4.1810238864780909E-005
   4.5886685539066846E-005
   5.0360580731693940E-005
   5.5270675182547483E-005
   6.0659497780813561E-005
   6.6573723929871671E-005
   7.3064579827309678E-005
   8.0188286161741220E-005
   8.8006545069514925E-005
   9.6587074569101642E-005
   1.0600419510217481E-004
   1.1633947326172192E-004
   1.2768242828285222E-004
   1.4013130741558601E-004
   1.5379393689553356E-004
   1.6878865588316506E-004
   1.8524534146100593E-004
   2.0330653356679369E-004
   2.2312866960622868E-004
   2.4488343943894394E-004
   2.6875927247393462E-004
   2.9496296975495512E-004
   3.2372149517222886E-004
   3.5528394131508758E-004
   3.8992368699281601E-004
   4.2794076511111642E-004
   4.6966446141360411E-004
   5.1545616659739177E-004
   5.6571250650642047E-004
   6.2086877751477902E-004
   6.8140271685565286E-004
   7.4783864055269348E-004
   8.2075198479458647E-004
   9.0077429008803434E-004
   9.8859867135950188E-004
   1.0849858213851286E-003
   1.1907705995476481E-003
   1.3068692629889704E-003
   1.4342874027912149E-003
   1.5741286539256002E-003
   1.7276042544105926E-003
   1.8960435364761771E-003
   2.0809054406036929E-003
   2.2837911521703370E-003
   2.5064579701509094E-003
   2.7508345280008546E-003
   3.0190374985566114E-003
   3.3133899276431254E-003
   3.6364413551854568E-003
   3.9909898981039353E-003
   4.3801064862643273E-003
   4.8071614614032263E-003
   5.2758537694158380E-003
   5.7902429988557682E-003
   6.3547845431490167E-003
   6.9743681910804014E-003
   7.6543604798047791E-003
   8.4006511772245843E-003
   9.2197042963417675E-003
   1.0118614083446118E-002
   1.1105166465082764E-002
   1.2187906486023222E-002
   1.3376212322355297E-002
   1.4680376510757943E-002
   1.6111695097530104E-002
   1.7682565479539815E-002
   1.9406593784545081E-002
   2.1298712720963439E-002
   2.3375310917848627E-002
   2.5654374875355226E-002
   2.8155644755198432E-002
   3.0900785360491324E-002
   3.3913573785905128E-002
   3.7220105363488555E-002
   4.0849019687950169E-002
   4.4831748679126857E-002
   4.9202788830236668E-002
   5.4000000000000284E-002
