   1.0115794542598986     
   1.0232929922807541     
   1.0351421666793439     
   1.0471285480508996     
   1.0592537251772889     
   1.0715193052376064     
   1.0839269140212036     
   1.0964781961431851     
   1.1091748152624010     
   1.1220184543019633     
   1.1350108156723151     
   1.1481536214968828     
   1.1614486138403428     
   1.1748975549395295     
   1.1885022274370185     
   1.2022644346174129     
   1.2161860006463681     
   1.2302687708123816     
   1.2445146117713850     
   1.2589254117941673     
   1.2735030810166617     
   1.2882495516931340     
   1.3031667784522993     
   1.3182567385564070     
   1.3335214321633240     
   1.3489628825916535     
   1.3645831365889245     
   1.3803842646028848     
   1.3963683610559376     
   1.4125375446227544     
   1.4288939585111029     
   1.4454397707459274     
   1.4621771744567182     
   1.4791083881682074     
   1.4962356560944334     
   1.5135612484362082     
   1.5310874616820300     
   1.5488166189124815     
   1.5667510701081491     
   1.5848931924611136     
   1.6032453906900415     
   1.6218100973589300     
   1.6405897731995394     
   1.6595869074375607     
   1.6788040181225603     
   1.6982436524617444     
   1.7179083871575880     
   1.7378008287493754     
   1.7579236139586927     
   1.7782794100389228     
   1.7988709151287878     
   1.8197008586099834     
   1.8407720014689559     
   1.8620871366628675     
   1.8836490894898006     
   1.9054607179632472     
   1.9275249131909360     
   1.9498445997580451     
   1.9724227361148536     
   1.9952623149688795     
   2.0183663636815607     
   2.0417379446695292     
   2.0653801558105296     
   2.0892961308540396     
   2.1134890398366468     
   2.1379620895022322     
   2.1627185237270203     
   2.1877616239495525     
   2.2130947096056377     
   2.2387211385683394     
   2.2646443075930596     
   2.2908676527677732     
   2.3173946499684783     
   2.3442288153199220     
   2.3713737056616551     
   2.3988329190194904     
   2.4266100950824154     
   2.4547089156850306     
   2.4831331052955705     
   2.5118864315095801     
   2.5409727055493052     
   2.5703957827688635     
   2.6001595631652719     
   2.6302679918953817     
   2.6607250597988097     
   2.6915348039269156     
   2.7227013080779123     
   2.7542287033381663     
   2.7861211686297702     
   2.8183829312644537     
   2.8510182675039095     
   2.8840315031266059     
   2.9174270140011669     
   2.9512092266663856     
   2.9853826189179595     
   3.0199517204020161     
   3.0549211132155132     
   3.0902954325135905     
   3.1260793671239551     
   3.1622776601683795     
   3.1988951096913980     
   3.2359365692962827     
   3.2734069487883821     
   3.3113112148259112     
   3.3496543915782766     
   3.3884415613920256     
   3.4276778654645037     
   3.4673685045253166     
   3.5075187395256804     
   3.5481338923357550     
   3.5892193464500526     
   3.6307805477010140     
   3.6728230049808461     
   3.7153522909717251     
   3.7583740428844412     
   3.8018939632056115     
   3.8459178204535354     
   3.8904514499428058     
   3.9355007545577743     
   3.9810717055349722     
   4.0271703432545909     
   4.0738027780411272     
   4.1209751909733017     
   4.1686938347033538     
   4.2169650342858223     
   4.2657951880159271     
   4.3151907682776525     
   4.3651583224016601     
   4.4157044735331255     
   4.4668359215096318     
   4.5185594437492238     
   4.5708818961487507     
   4.6238102139926029     
   4.6773514128719826     
   4.7315125896148054     
   4.7863009232263840     
   4.8417236758409938     
   4.8977881936844616     
   4.9545019080479014     
   5.0118723362727220     
   5.0699070827470427     
   5.1286138399136485     
   5.1880003892896109     
   5.2480746024977254     
   5.3088444423098835     
   5.3703179637025267     
   5.4325033149243316     
   5.4954087385762458     
   5.5590425727040360     
   5.6234132519034912     
   5.6885293084384143     
   5.7543993733715695     
   5.8210321777087142     
   5.8884365535558896     
   5.9566214352901046     
   6.0255958607435778     
   6.0953689724016922     
   6.1659500186148222     
   6.2373483548241930     
   6.3095734448019334     
   6.3826348619054878     
   6.4565422903465564     
   6.5313055264747231     
   6.6069344800759593     
   6.6834391756861455     
   6.7608297539198174     
   6.8391164728142924     
   6.9183097091893639     
   6.9984199600227344     
   7.0794578438413787     
   7.1614341021290198     
   7.2443596007499007     
   7.3282453313890406     
   7.4131024130091747     
   7.4989420933245583     
   7.5857757502918375     
   7.6736148936181898     
   7.7624711662869172     
   7.8523563461007182     
   7.9432823472428158     
   8.0352612218561728     
   8.1283051616409931     
   8.2224264994707124     
   8.3176377110267108     
   8.4139514164519511     
   8.5113803820237663     
   8.6099375218460068     
   8.7096358995608050     
   8.8104887300801398     
   8.9125093813374541     
   9.0157113760595688     
   9.1201083935590965     
   9.2257142715476306     
   9.3325430079699103     
   9.4406087628592328     
   9.5499258602143584     
   9.6605087898981328     
   9.7723722095581067     
   9.8855309465693875     
   10.000000000000000     
   10.115794542598982     
   10.232929922807541     
   10.351421666793437     
   10.471285480508996     
   10.592537251772887     
   10.715193052376065     
   10.839269140212034     
   10.964781961431852     
   11.091748152624008     
   11.220184543019636     
   11.350108156723149     
   11.481536214968829     
   11.614486138403427     
   11.748975549395297     
   11.885022274370183     
   12.022644346174131     
   12.161860006463678     
   12.302687708123818     
   12.445146117713850     
   12.589254117941675     
   12.735030810166617     
   12.882495516931343     
   13.031667784522993     
   13.182567385564074     
   13.335214321633240     
   13.489628825916533     
   13.645831365889245     
   13.803842646028846     
   13.963683610559377     
   14.125375446227540     
   14.288939585111029     
   14.454397707459272     
   14.621771744567184     
   14.791083881682072     
   14.962356560944336     
   15.135612484362079     
   15.310874616820303     
   15.488166189124811     
   15.667510701081493     
   15.848931924611133     
   16.032453906900418     
   16.218100973589298     
   16.405897731995395     
   16.595869074375607     
   16.788040181225607     
   16.982436524617444     
   17.179083871575884     
   17.378008287493753     
   17.579236139586932     
   17.782794100389228     
   17.988709151287875     
   18.197008586099834     
   18.407720014689556     
   18.620871366628677     
   18.836490894898002     
   19.054607179632473     
   19.275249131909355     
   19.498445997580454     
   19.724227361148536     
   19.952623149688797     
   20.183663636815606     
   20.417379446695296     
   20.653801558105290     
   20.892961308540396     
   21.134890398366466     
   21.379620895022324     
   21.627185237270201     
   21.877616239495531     
   22.130947096056374     
   22.387211385683401     
   22.646443075930595     
   22.908676527677734     
   23.173946499684785     
   23.442288153199225     
   23.713737056616552     
   23.988329190194900     
   24.266100950824157     
   24.547089156850298     
   24.831331052955704     
   25.118864315095795     
   25.409727055493050     
   25.703957827688633     
   26.001595631652723     
   26.302679918953814     
   26.607250597988099     
   26.915348039269155     
   27.227013080779127     
   27.542287033381662     
   27.861211686297708     
   28.183829312644534     
   28.510182675039097     
   28.840315031266059     
   29.174270140011675     
   29.512092266663856     
   29.853826189179603     
   30.199517204020161     
   30.549211132155140     
   30.902954325135905     
   31.260793671239558     
   31.622776601683793     
   31.988951096913972     
   32.359365692962825     
   32.734069487883815     
   33.113112148259113     
   33.496543915782759     
   33.884415613920254     
   34.276778654645028     
   34.673685045253166     
   35.075187395256798     
   35.481338923357548     
   35.892193464500515     
   36.307805477010142     
   36.728230049808460     
   37.153522909717260     
   37.583740428844415     
   38.018939632056124     
   38.459178204535355     
   38.904514499428068     
   39.355007545577742     
   39.810717055349734     
   40.271703432545905     
   40.738027780411279     
   41.209751909733022     
   41.686938347033553     
   42.169650342858226     
   42.657951880159253     
   43.151907682776525     
   43.651583224016584     
   44.157044735331255     
   44.668359215096302     
   45.185594437492242     
   45.708818961487495     
   46.238102139926035     
   46.773514128719810     
   47.315125896148054     
   47.863009232263828     
   48.417236758409942     
   48.977881936844611     
   49.545019080479030     
   50.118723362727224     
   50.699070827470443     
   51.286138399136483     
   51.880003892896120     
   52.480746024977257     
   53.088444423098849     
   53.703179637025272     
   54.325033149243332     
   54.954087385762456     
   55.590425727040369     
   56.234132519034908     
   56.885293084384131     
   57.543993733715695     
   58.210321777087131     
   58.884365535558899     
   59.566214352901035     
   60.255958607435780     
   60.953689724016904     
   61.659500186148222     
   62.373483548241914     
   63.095734448019329     
   63.826348619054862     
   64.565422903465560     
   65.313055264747234     
   66.069344800759609     
   66.834391756861450     
   67.608297539198190     
   68.391164728142925     
   69.183097091893657     
   69.984199600227342     
   70.794578438413808     
   71.614341021290201     
   72.443596007499025     
   73.282453313890400     
   74.131024130091774     
   74.989420933245583     
   75.857757502918361     
   76.736148936181891     
   77.624711662869160     
   78.523563461007186     
   79.432823472428140     
   80.352612218561731     
   81.283051616409907     
   82.224264994707127     
   83.176377110267083     
   84.139514164519511     
   85.113803820237635     
   86.099375218460082     
   87.096358995608057     
   88.104887300801423     
   89.125093813374548     
   90.157113760595706     
   91.201083935590972     
   92.257142715476334     
   93.325430079699103     
   94.406087628592360     
   95.499258602143584     
   96.605087898981353     
   97.723722095581067     
   98.855309465693907     
   100.00000000000000     
   101.15794542598982     
   102.32929922807536     
   103.51421666793441     
   104.71285480508996     
   105.92537251772886     
   107.15193052376060     
   108.39269140212039     
   109.64781961431851     
   110.91748152624010     
   112.20184543019630     
   113.50108156723155     
   114.81536214968828     
   116.14486138403426     
   117.48975549395291     
   118.85022274370189     
   120.22644346174131     
   121.61860006463679     
   123.02687708123811     
   124.45146117713857     
   125.89254117941675     
   127.35030810166616     
   128.82495516931337     
   130.31667784523000     
   131.82567385564073     
   133.35214321633239     
   134.89628825916532     
   136.45831365889239     
   138.03842646028852     
   139.63683610559377     
   141.25375446227540     
   142.88939585111021     
   144.54397707459279     
   146.21771744567184     
   147.91083881682073     
   149.62356560944329     
   151.35612484362088     
   153.10874616820303     
   154.88166189124811     
   156.67510701081486     
   158.48931924611142     
   160.32453906900417     
   162.18100973589299     
   164.05897731995387     
   165.95869074375614     
   167.88040181225605     
   169.82436524617444     
   171.79083871575875     
   173.78008287493762     
   175.79236139586931     
   177.82794100389228     
   179.88709151287873     
   181.97008586099827     
   184.07720014689562     
   186.20871366628674     
   188.36490894898000     
   190.54607179632464     
   192.75249131909365     
   194.98445997580455     
   197.24227361148533     
   199.52623149688787     
   201.83663636815618     
   204.17379446695296     
   206.53801558105292     
   208.92961308540387     
   211.34890398366477     
   213.79620895022325     
   216.27185237270200     
   218.77616239495518     
   221.30947096056389     
   223.87211385683401     
   226.46443075930597     
   229.08676527677724     
   231.73946499684797     
   234.42288153199226     
   237.13737056616552     
   239.88329190194898     
   242.66100950824142     
   245.47089156850311     
   248.31331052955704     
   251.18864315095797     
   254.09727055493039     
   257.03957827688646     
   260.01595631652719     
   263.02679918953817     
   266.07250597988087     
   269.15348039269168     
   272.27013080779125     
   275.42287033381660     
   278.61211686297696     
   281.83829312644548     
   285.10182675039096     
   288.40315031266056     
   291.74270140011657     
   295.12092266663871     
   298.53826189179603     
   301.99517204020162     
   305.49211132155125     
   309.02954325135920     
   312.60793671239560     
   316.22776601683796     
   319.88951096913974     
   323.59365692962808     
   327.34069487883829     
   331.13112148259108     
   334.96543915782757     
   338.84415613920237     
   342.76778654645045     
   346.73685045253166     
   350.75187395256796     
   354.81338923357532     
   358.92193464500536     
   363.07805477010140     
   367.28230049808462     
   371.53522909717242     
   375.83740428844430     
   380.18939632056129     
   384.59178204535351     
   389.04514499428046     
   393.55007545577763     
   398.10717055349733     
   402.71703432545905     
   407.38027780411261     
   412.09751909733041     
   416.86938347033549     
   421.69650342858228     
   426.57951880159254     
   431.51907682776499     
   436.51583224016611     
   441.57044735331255     
   446.68359215096302     
   451.85594437492216     
   457.08818961487520     
   462.38102139926036     
   467.73514128719813     
   473.15125896148027     
   478.63009232263852     
   484.17236758409939     
   489.77881936844614     
   495.45019080479005     
   501.18723362727246     
   506.99070827470445     
   512.86138399136485     
   518.80003892896093     
   524.80746024977282     
   530.88444423098849     
   537.03179637025266     
   543.25033149243302     
   549.54087385762477     
   555.90425727040372     
   562.34132519034904     
   568.85293084384136     
   575.43993733715661     
   582.10321777087154     
   588.84365535558902     
   595.66214352901034     
   602.55958607435753     
   609.53689724016931     
   616.59500186148216     
   623.73483548241916     
   630.95734448019300     
   638.26348619054897     
   645.65422903465560     
   653.13055264747231     
   660.69344800759575     
   668.34391756861487     
   676.08297539198190     
   683.91164728142928     
   691.83097091893626     
   699.84199600227385     
   707.94578438413805     
   716.14341021290204     
   724.43596007498991     
   732.82453313890448     
   741.31024130091771     
   749.89420933245583     
   758.57757502918355     
   767.36148936181860     
   776.24711662869197     
   785.23563461007177     
   794.32823472428129     
   803.52612218561694     
   812.83051616409955     
   822.24264994707119     
   831.76377110267083     
   841.39514164519471     
   851.13803820237683     
   860.99375218460079     
   870.96358995608057     
   881.04887300801374     
   891.25093813374588     
   901.57113760595701     
   912.01083935590964     
   922.57142715476289     
   933.25430079699152     
   944.06087628592354     
   954.99258602143595     
   966.05087898981310     
   977.23722095581115     
   988.55309465693904     
   1000.0000000000000     
   1011.5794542598983     
   1023.2929922807537     
   1035.1421666793442     
   1047.1285480508996     
   1059.2537251772887     
   1071.5193052376060     
   1083.9269140212039     
   1096.4781961431852     
   1109.1748152624009     
   1122.0184543019629     
   1135.0108156723154     
   1148.1536214968828     
   1161.4486138403427     
   1174.8975549395291     
   1188.5022274370190     
   1202.2644346174131     
   1216.1860006463678     
   1230.2687708123810     
   1244.5146117713857     
   1258.9254117941675     
   1273.5030810166616     
   1288.2495516931335     
   1303.1667784522999     
   1318.2567385564075     
   1333.5214321633241     
   1348.9628825916532     
   1364.5831365889239     
   1380.3842646028852     
   1396.3683610559376     
   1412.5375446227540     
   1428.8939585111023     
   1445.4397707459279     
   1462.1771744567184     
   1479.1083881682073     
   1496.2356560944329     
   1513.5612484362086     
   1531.0874616820304     
   1548.8166189124811     
   1566.7510701081485     
   1584.8931924611140     
   1603.2453906900419     
   1621.8100973589299     
   1640.5897731995387     
   1659.5869074375614     
   1678.8040181225606     
   1698.2436524617442     
   1717.9083871575876     
   1737.8008287493763     
   1757.9236139586931     
   1778.2794100389228     
   1798.8709151287874     
   1819.7008586099826     
   1840.7720014689564     
   1862.0871366628676     
   1883.6490894898002     
   1905.4607179632462     
   1927.5249131909366     
   1949.8445997580454     
   1972.4227361148535     
   1995.2623149688789     
   2018.3663636815618     
   2041.7379446695295     
   2065.3801558105292     
   2089.2961308540389     
   2113.4890398366479     
   2137.9620895022326     
   2162.7185237270201     
   2187.7616239495519     
   2213.0947096056389     
   2238.7211385683399     
   2264.6443075930597     
   2290.8676527677726     
   2317.3946499684798     
   2344.2288153199229     
   2371.3737056616551     
   2398.8329190194900     
   2426.6100950824143     
   2454.7089156850311     
   2483.1331052955702     
   2511.8864315095798     
   2540.9727055493040     
   2570.3957827688646     
   2600.1595631652722     
   2630.2679918953813     
   2660.7250597988086     
   2691.5348039269165     
   2722.7013080779129     
   2754.2287033381663     
   2786.1211686297693     
   2818.3829312644548     
   2851.0182675039096     
   2884.0315031266059     
   2917.4270140011658     
   2951.2092266663872     
   2985.3826189179604     
   3019.9517204020162     
   3054.9211132155124     
   3090.2954325135920     
   3126.0793671239558     
   3162.2776601683795     
   3198.8951096913970     
   3235.9365692962810     
   3273.4069487883830     
   3311.3112148259111     
   3349.6543915782759     
   3388.4415613920241     
   3427.6778654645045     
   3467.3685045253169     
   3507.5187395256794     
   3548.1338923357530     
   3589.2193464500533     
   3630.7805477010138     
   3672.8230049808462     
   3715.3522909717240     
   3758.3740428844430     
   3801.8939632056126     
   3845.9178204535356     
   3890.4514499428046     
   3935.5007545577764     
   3981.0717055349733     
   4027.1703432545910     
   4073.8027780411262     
   4120.9751909733041     
   4168.6938347033547     
   4216.9650342858222     
   4265.7951880159253     
   4315.1907682776500     
   4365.1583224016613     
   4415.7044735331256     
   4466.8359215096307     
   4518.5594437492218     
   4570.8818961487514     
   4623.8102139926032     
   4677.3514128719808     
   4731.5125896148029     
   4786.3009232263848     
   4841.7236758409945     
   4897.7881936844615     
   4954.5019080479005     
   5011.8723362727251     
   5069.9070827470441     
   5128.6138399136480     
   5188.0003892896093     
   5248.0746024977279     
   5308.8444423098845     
   5370.3179637025269     
   5432.5033149243309     
   5495.4087385762487     
   5559.0425727040374     
   5623.4132519034911     
   5688.5293084384130     
   5754.3993733715661     
   5821.0321777087156     
   5888.4365535558900     
   5956.6214352901034     
   6025.5958607435750     
   6095.3689724016940     
   6165.9500186148225     
   6237.3483548241911     
   6309.5734448019302     
   6382.6348619054888     
   6456.5422903465560     
   6531.3055264747227     
   6606.9344800759573     
   6683.4391756861487     
   6760.8297539198193     
   6839.1164728142930     
   6918.3097091893624     
   6998.4199600227385     
   7079.4578438413810     
   7161.4341021290202     
   7244.3596007498982     
   7328.2453313890446     
   7413.1024130091773     
   7498.9420933245583     
   7585.7757502918357     
   7673.6148936181853     
   7762.4711662869195     
   7852.3563461007179     
   7943.2823472428136     
   8035.2612218561690     
   8128.3051616409948     
   8222.4264994707119     
   8317.6377110267094     
   8413.9514164519478     
   8511.3803820237681     
   8609.9375218460082     
   8709.6358995608061     
   8810.4887300801383     
   8912.5093813374588     
   9015.7113760595712     
   9120.1083935590959     
   9225.7142715476293     
   9332.5430079699145     
   9440.6087628592359     
   9549.9258602143600     
   9660.5087898981310     
   9772.3722095581124     
   9885.5309465693899     
   10000.000000000000     
   10115.794542598982     
   10232.929922807536     
   10351.421666793431     
   10471.285480508985     
   10592.537251772897     
   10715.193052376071     
   10839.269140212038     
   10964.781961431851     
   11091.748152624008     
   11220.184543019630     
   11350.108156723143     
   11481.536214968817     
   11614.486138403438     
   11748.975549395303     
   11885.022274370189     
   12022.644346174131     
   12161.860006463679     
   12302.687708123811     
   12445.146117713844     
   12589.254117941662     
   12735.030810166629     
   12882.495516931349     
   13031.667784523001     
   13182.567385564074     
   13335.214321633241     
   13489.628825916532     
   13645.831365889238     
   13803.842646028837     
   13963.683610559363     
   14125.375446227554     
   14288.939585111037     
   14454.397707459280     
   14621.771744567182     
   14791.083881682072     
   14962.356560944329     
   15135.612484362071     
   15310.874616820287     
   15488.166189124828     
   15667.510701081501     
   15848.931924611141     
   16032.453906900417     
   16218.100973589299     
   16405.897731995388     
   16595.869074375598     
   16788.040181225588     
   16982.436524617460     
   17179.083871575895     
   17378.008287493762     
   17579.236139586930     
   17782.794100389227     
   17988.709151287872     
   18197.008586099826     
   18407.720014689545     
   18620.871366628657     
   18836.490894898019     
   19054.607179632483     
   19275.249131909368     
   19498.445997580457     
   19724.227361148533     
   19952.623149688789     
   20183.663636815596     
   20417.379446695275     
   20653.801558105311     
   20892.961308540409     
   21134.890398366475     
   21379.620895022323     
   21627.185237270201     
   21877.616239495517     
   22130.947096056363     
   22387.211385683378     
   22646.443075930620     
   22908.676527677748     
   23173.946499684796     
   23442.288153199228     
   23713.737056616552     
   23988.329190194898     
   24266.100950824144     
   24547.089156850285     
   24831.331052955677     
   25118.864315095823     
   25409.727055493066     
   25703.957827688646     
   26001.595631652723     
   26302.679918953814     
   26607.250597988084     
   26915.348039269138     
   27227.013080779099     
   27542.287033381690     
   27861.211686297724     
   28183.829312644550     
   28510.182675039097     
   28840.315031266058     
   29174.270140011660     
   29512.092266663840     
   29853.826189179570     
   30199.517204020191     
   30549.211132155153     
   30902.954325135921     
   31260.793671239557     
   31622.776601683792     
   31988.951096913974     
   32359.365692962809     
   32734.069487883793     
   33113.112148259075     
   33496.543915782793     
   33884.415613920275     
   34276.778654645044     
   34673.685045253165     
   35075.187395256791     
   35481.338923357529     
   35892.193464500495     
   36307.805477010101     
   36728.230049808502     
   37153.522909717278     
   37583.740428844430     
   38018.939632056128     
   38459.178204535354     
   38904.514499428049     
   39355.007545577726     
   39810.717055349691     
   40271.703432545946     
   40738.027780411307     
   41209.751909733044     
   41686.938347033552     
   42169.650342858222     
   42657.951880159257     
   43151.907682776502     
   43651.583224016562     
   44157.044735331205     
   44668.359215096345     
   45185.594437492262     
   45708.818961487515     
   46238.102139926035     
   46773.514128719813     
   47315.125896148027     
   47863.009232263801     
   48417.236758409890     
   48977.881936844664     
   49545.019080479055     
   50118.723362727251     
   50699.070827470445     
   51286.138399136478     
   51880.003892896093     
   52480.746024977227     
   53088.444423098794     
   53703.179637025329     
   54325.033149243362     
   54954.087385762483     
   55590.425727040369     
   56234.132519034909     
   56885.293084384131     
   57543.993733715666     
   58210.321777087098     
   58884.365535558842     
   59566.214352901094     
   60255.958607435809     
   60953.689724016935     
   61659.500186148223     
   62373.483548241915     
   63095.734448019299     
   63826.348619054828     
   64565.422903465493     
   65313.055264747294     
   66069.344800759645     
   66834.391756861485     
   67608.297539198189     
   68391.164728142932     
   69183.097091893622     
   69984.199600227308     
   70794.578438413737     
   71614.341021290267     
   72443.596007499058     
   73282.453313890452     
   74131.024130091770     
   74989.420933245579     
   75857.757502918364     
   76736.148936181853     
   77624.711662869115     
   78523.563461007099     
   79432.823472428208     
   80352.612218561771     
   81283.051616409954     
   82224.264994707119     
   83176.377110267087     
   84139.514164519482     
   85113.803820237590     
   86099.375218459987     
   87096.358995608141     
   88104.887300801463     
   89125.093813374595     
   90157.113760595705     
   91201.083935590970     
   92257.142715476279     
   93325.430079699057     
   94406.087628592257     
   95499.258602143687     
   96605.087898981408     
   97723.722095581121     
   98855.309465693907     
   100000.00000000000     
   101157.94542598983     
   102329.29922807537     
   103514.21666793431     
   104712.85480508985     
   105925.37251772897     
   107151.93052376070     
   108392.69140212038     
   109647.81961431851     
   110917.48152624010     
   112201.84543019629     
   113501.08156723143     
   114815.36214968817     
   116144.86138403438     
   117489.75549395304     
   118850.22274370189     
   120226.44346174131     
   121618.60006463679     
   123026.87708123811     
   124451.46117713844     
   125892.54117941661     
   127350.30810166629     
   128824.95516931349     
   130316.67784523001     
   131825.67385564075     
   133352.14321633239     
   134896.28825916533     
   136458.31365889238     
   138038.42646028838     
   139636.83610559363     
   141253.75446227554     
   142889.39585111037     
   144543.97707459281     
   146217.71744567182     
   147910.83881682073     
   149623.56560944329     
   151356.12484362072     
   153108.74616820287     
   154881.66189124828     
   156675.10701081500     
   158489.31924611141     
   160324.53906900418     
   162181.00973589299     
   164058.97731995388     
   165958.69074375596     
   167880.40181225591     
   169824.36524617460     
   171790.83871575893     
   173780.08287493762     
   175792.36139586932     
   177827.94100389228     
   179887.09151287875     
   181970.08586099825     
   184077.20014689545     
   186208.71366628655     
   188364.90894898021     
   190546.07179632483     
   192752.49131909365     
   194984.45997580455     
   197242.27361148535     
   199526.23149688789     
   201836.63636815597     
   204173.79446695274     
   206538.01558105313     
   208929.61308540410     
   211348.90398366476     
   213796.20895022326     
   216271.85237270201     
   218776.16239495517     
   221309.47096056366     
   223872.11385683378     
   226464.43075930618     
   229086.76527677747     
   231739.46499684796     
   234422.88153199226     
   237137.37056616554     
   239883.29190194898     
   242661.00950824143     
   245470.89156850285     
   248313.31052955679     
   251188.64315095820     
   254097.27055493064     
   257039.57827688646     
   260015.95631652721     
   263026.79918953817     
   266072.50597988087     
   269153.48039269139     
   272270.13080779102     
   275422.87033381691     
   278612.11686297721     
   281838.29312644550     
   285101.82675039099     
   288403.15031266055     
   291742.70140011661     
   295120.92266663839     
   298538.26189179573     
   301995.17204020190     
   305492.11132155155     
   309029.54325135919     
   312607.93671239557     
   316227.76601683791     
   319889.51096913969     
   323593.65692962811     
   327340.69487883797     
   331131.12148259080     
   334965.43915782793     
   338844.15613920277     
   342767.78654645046     
   346736.85045253165     
   350751.87395256793     
   354813.38923357532     
   358921.93464500498     
   363078.05477010104     
   367282.30049808498     
   371535.22909717279     
   375837.40428844432     
   380189.39632056124     
   384591.78204535355     
   389045.14499428048     
   393550.07545577723     
   398107.17055349692     
   402717.03432545951     
   407380.27780411305     
   412097.51909733040     
   416869.38347033551     
   421696.50342858228     
   426579.51880159258     
   431519.07682776503     
   436515.83224016562     
   441570.44735331205     
   446683.59215096349     
   451855.94437492260     
   457088.18961487518     
   462381.02139926032     
   467735.14128719812     
   473151.25896148029     
   478630.09232263803     
   484172.36758409889     
   489778.81936844665     
   495450.19080479053     
   501187.23362727248     
   506990.70827470446     
   512861.38399136480     
   518800.03892896097     
   524807.46024977230     
   530884.44423098792     
   537031.79637025332     
   543250.33149243356     
   549540.87385762483     
   555904.25727040367     
   562341.32519034913     
   568852.93084384128     
   575439.93733715662     
   582103.21777087101     
   588843.65535558842     
   595662.14352901094     
   602559.58607435809     
   609536.89724016935     
   616595.00186148216     
   623734.83548241912     
   630957.34448019299     
   638263.48619054828     
   645654.22903465491     
   653130.55264747294     
   660693.44800759642     
   668343.91756861494     
   676082.97539198189     
   683911.64728142926     
   691830.97091893631     
   699841.99600227305     
   707945.78438413737     
   716143.41021290270     
   724435.96007499064     
   732824.53313890449     
   741310.24130091770     
   749894.20933245588     
   758577.57502918353     
   767361.48936181853     
   776247.11662869120     
   785235.63461007096     
   794328.23472428217     
   803526.12218561769     
   812830.51616409956     
   822242.64994707122     
   831763.77110267081     
   841395.14164519473     
   851138.03820237587     
   860993.75218459987     
   870963.58995608147     
   881048.87300801463     
   891250.93813374592     
   901571.13760595699     
   912010.83935590961     
   922571.42715476290     
   933254.30079699052     
   944060.87628592260     
   954992.58602143684     
   966050.87898981408     
   977237.22095581121     
   988553.09465693904     
   1000000.0000000000     
   1011579.4542598983     
   1023292.9922807537     
   1035142.1666793431     
   1047128.5480508985     
   1059253.7251772897     
   1071519.3052376071     
   1083926.9140212040     
   1096478.1961431850     
   1109174.8152624008     
   1122018.4543019629     
   1135010.8156723143     
   1148153.6214968818     
   1161448.6138403439     
   1174897.5549395303     
   1188502.2274370189     
   1202264.4346174132     
   1216186.0006463679     
   1230268.7708123811     
   1244514.6117713845     
   1258925.4117941661     
   1273503.0810166630     
   1288249.5516931349     
   1303166.7784523000     
   1318256.7385564074     
   1333521.4321633240     
   1348962.8825916534     
   1364583.1365889239     
   1380384.2646028837     
   1396368.3610559362     
   1412537.5446227554     
   1428893.9585111036     
   1445439.7707459279     
   1462177.1744567184     
   1479108.3881682071     
   1496235.6560944328     
   1513561.2484362072     
   1531087.4616820288     
   1548816.6189124826     
   1566751.0701081501     
   1584893.1924611141     
   1603245.3906900417     
   1621810.0973589299     
   1640589.7731995387     
   1659586.9074375597     
   1678804.0181225589     
   1698243.6524617460     
   1717908.3871575894     
   1737800.8287493763     
   1757923.6139586931     
   1778279.4100389229     
   1798870.9151287875     
   1819700.8586099825     
   1840772.0014689544     
   1862087.1366628655     
   1883649.0894898020     
   1905460.7179632483     
   1927524.9131909367     
   1949844.5997580455     
   1972422.7361148535     
   1995262.3149688789     
   2018366.3636815597     
   2041737.9446695275     
   2065380.1558105312     
   2089296.1308540408     
   2113489.0398366475     
   2137962.0895022326     
   2162718.5237270202     
   2187761.6239495520     
   2213094.7096056365     
   2238721.1385683380     
   2264644.3075930621     
   2290867.6527677746     
   2317394.6499684798     
   2344228.8153199228     
   2371373.7056616554     
   2398832.9190194900     
   2426610.0950824143     
   2454708.9156850288     
   2483133.1052955678     
   2511886.4315095823     
   2540972.7055493067     
   2570395.7827688647     
   2600159.5631652721     
   2630267.9918953814     
   2660725.0597988088     
   2691534.8039269140     
   2722701.3080779100     
   2754228.7033381690     
   2786121.1686297720     
   2818382.9312644550     
   2851018.2675039098     
   2884031.5031266059     
   2917427.0140011660     
   2951209.2266663839     
   2985382.6189179569     
   3019951.7204020191     
   3054921.1132155154     
   3090295.4325135918     
   3126079.3671239559     
   3162277.6601683795     
   3198895.1096913973     
   3235936.5692962809     
   3273406.9487883793     
   3311311.2148259077     
   3349654.3915782794     
   3388441.5613920274     
   3427677.8654645048     
   3467368.5045253169     
   3507518.7395256795     
   3548133.8923357530     
   3589219.3464500499     
   3630780.5477010100     
   3672823.0049808500     
   3715352.2909717280     
   3758374.0428844434     
   3801893.9632056127     
   3845917.8204535353     
   3890451.4499428049     
   3935500.7545577725     
   3981071.7055349695     
   4027170.3432545951     
   4073802.7780411304     
   4120975.1909733042     
   4168693.8347033551     
   4216965.0342858229     
   4265795.1880159257     
   4315190.7682776498     
   4365158.3224016568     
   4415704.4735331209     
   4466835.9215096347     
   4518559.4437492266     
   4570881.8961487515     
   4623810.2139926031     
   4677351.4128719810     
   4731512.5896148030     
   4786300.9232263807     
   4841723.6758409888     
   4897788.1936844662     
   4954501.9080479052     
   5011872.3362727249     
   5069907.0827470440     
   5128613.8399136486     
   5188000.3892896092     
   5248074.6024977230     
   5308844.4423098788     
   5370317.9637025325     
   5432503.3149243360     
   5495408.7385762483     
   5559042.5727040367     
   5623413.2519034911     
   5688529.3084384128     
   5754399.3733715666     
   5821032.1777087096     
   5888436.5535558835     
   5956621.4352901094     
   6025595.8607435813     
   6095368.9724016935     
   6165950.0186148221     
   6237348.3548241919     
   6309573.4448019303     
   6382634.8619054826     
   6456542.2903465489     
   6531305.5264747292     
   6606934.4800759647     
   6683439.1756861489     
   6760829.7539198184     
   6839116.4728142926     
   6918309.7091893628     
   6998419.9600227308     
   7079457.8438413730     
   7161434.1021290272     
   7244359.6007499062     
   7328245.3313890444     
   7413102.4130091770     
   7498942.0933245579     
   7585775.7502918355     
   7673614.8936181860     
   7762471.1662869118     
   7852356.3461007103     
   7943282.3472428219     
   8035261.2218561769     
   8128305.1616409952     
   8222426.4994707117     
   8317637.7110267086     
   8413951.4164519478     
   8511380.3820237592     
   8609937.5218459982     
   8709635.8995608147     
   8810488.7300801463     
   8912509.3813374583     
   9015711.3760595694     
   9120108.3935590964     
   9225714.2715476286     
   9332543.0079699047     
   9440608.7628592253     
   9549925.8602143694     
   9660508.7898981404     
   9772372.2095581125     
   9885530.9465693906     
   10000000.000000000     
   10115794.542598983     
   10232929.922807537     
   10351421.666793430     
   10471285.480508985     
   10592537.251772897     
   10715193.052376071     
   10839269.140212039     
   10964781.961431852     
   11091748.152624009     
   11220184.543019630     
   11350108.156723144     
   11481536.214968817     
   11614486.138403438     
   11748975.549395302     
   11885022.274370190     
   12022644.346174130     
   12161860.006463679     
   12302687.708123811     
   12445146.117713844     
   12589254.117941663     
   12735030.810166629     
   12882495.516931349     
   13031667.784523001     
   13182567.385564074     
   13335214.321633240     
   13489628.825916532     
   13645831.365889238     
   13803842.646028839     
   13963683.610559363     
   14125375.446227554     
   14288939.585111037     
   14454397.707459280     
   14621771.744567184     
   14791083.881682072     
   14962356.560944328     
   15135612.484362071     
   15310874.616820287     
   15488166.189124828     
   15667510.701081501     
   15848931.924611142     
   16032453.906900417     
   16218100.973589299     
   16405897.731995387     
   16595869.074375598     
   16788040.181225590     
   16982436.524617460     
   17179083.871575896     
   17378008.287493762     
   17579236.139586929     
   17782794.100389227     
   17988709.151287872     
   18197008.586099826     
   18407720.014689546     
   18620871.366628658     
   18836490.894898020     
   19054607.179632481     
   19275249.131909367     
   19498445.997580454     
   19724227.361148532     
   19952623.149688788     
   20183663.636815596     
   20417379.446695276     
   20653801.558105312     
   20892961.308540408     
   21134890.398366477     
   21379620.895022325     
   21627185.237270202     
   21877616.239495520     
   22130947.096056364     
   22387211.385683376     
   22646443.075930618     
   22908676.527677748     
   23173946.499684796     
   23442288.153199226     
   23713737.056616552     
   23988329.190194897     
   24266100.950824142     
   24547089.156850286     
   24831331.052955680     
   25118864.315095823     
   25409727.055493064     
   25703957.827688646     
   26001595.631652720     
   26302679.918953814     
   26607250.597988084     
   26915348.039269138     
   27227013.080779098     
   27542287.033381689     
   27861211.686297722     
   28183829.312644549     
   28510182.675039098     
   28840315.031266056     
   29174270.140011661     
   29512092.266663842     
   29853826.189179573     
   30199517.204020191     
   30549211.132155154     
   30902954.325135920     
   31260793.671239559     
   31622776.601683792     
   31988951.096913971     
   32359365.692962810     
   32734069.487883795     
   33113112.148259077     
   33496543.915782794     
   33884415.613920271     
   34276778.654645048     
   34673685.045253165     
   35075187.395256795     
   35481338.923357531     
   35892193.464500502     
   36307805.477010101     
   36728230.049808502     
   37153522.909717277     
   37583740.428844430     
   38018939.632056125     
   38459178.204535350     
   38904514.499428049     
   39355007.545577727     
   39810717.055349693     
   40271703.432545952     
   40738027.780411303     
   41209751.909733042     
   41686938.347033553     
   42169650.342858225     
   42657951.880159259     
   43151907.682776503     
   43651583.224016562     
   44157044.735331208     
   44668359.215096347     
   45185594.437492259     
   45708818.961487517     
   46238102.139926031     
   46773514.128719814     
   47315125.896148026     
   47863009.232263803     
   48417236.758409888     
   48977881.936844662     
   49545019.080479056     
   50118723.362727247     
   50699070.827470444     
   51286138.399136484     
   51880003.892896093     
   52480746.024977230     
   53088444.423098795     
   53703179.637025326     
   54325033.149243362     
   54954087.385762483     
   55590425.727040373     
   56234132.519034907     
   56885293.084384128     
   57543993.733715668     
   58210321.777087100     
   58884365.535558842     
   59566214.352901094     
   60255958.607435808     
   60953689.724016935     
   61659500.186148219     
   62373483.548241913     
   63095734.448019296     
   63826348.619054824     
   64565422.903465495     
   65313055.264747292     
   66069344.800759643     
   66834391.756861486     
   67608297.539198190     
   68391164.728142932     
   69183097.091893628     
   69984199.600227311     
   70794578.438413739     
   71614341.021290272     
   72443596.007499054     
   73282453.313890442     
   74131024.130091771     
   74989420.933245584     
   75857757.502918363     
   76736148.936181858     
   77624711.662869111     
   78523563.461007103     
   79432823.472428218     
   80352612.218561769     
   81283051.616409957     
   82224264.994707122     
   83176377.110267088     
   84139514.164519474     
   85113803.820237592     
   86099375.218459994     
   87096358.995608136     
   88104887.300801471     
   89125093.813374594     
   90157113.760595709     
   91201083.935590968     
   92257142.715476289     
   93325430.079699054     
   94406087.628592268     
   95499258.602143690     
   96605087.898981407     
   97723722.095581114     
   98855309.465693906     
   100000000.00000000     
   101157945.42599003     
   102329299.22807537     
   103514216.66793452     
   104712854.80508985     
   105925372.51772897     
   107151930.52376048     
   108392691.40212038     
   109647819.61431828     
   110917481.52624010     
   112201845.43019652     
   113501081.56723143     
   114815362.14968841     
   116144861.38403414     
   117489755.49395303     
   118850222.74370165     
   120226443.46174131     
   121618600.06463704     
   123026877.08123811     
   124451461.17713869     
   125892541.17941661     
   127350308.10166629     
   128824955.16931322     
   130316677.84523000     
   131825673.85564047     
   133352143.21633241     
   134896288.25916561     
   136458313.65889239     
   138038426.46028867     
   139636836.10559362     
   141253754.46227553     
   142889395.85111007     
   144543977.07459280     
   146217717.44567153     
   147910838.81682071     
   149623565.60944358     
   151356124.84362072     
   153108746.16820318     
   154881661.89124796     
   156675107.01081502     
   158489319.24611109     
   160324539.06900418     
   162181009.73589331     
   164058977.31995389     
   165958690.74375629     
   167880401.81225589     
   169824365.24617460     
   171790838.71575859     
   173780082.87493762     
   175792361.39586896     
   177827941.00389227     
   179887091.51287910     
   181970085.86099824     
   184077200.14689583     
   186208713.66628656     
   188364908.94898021     
   190546071.79632443     
   192752491.31909367     
   194984459.97580415     
   197242273.61148533     
   199526231.49688828     
   201836636.36815596     
   204173794.46695316     
   206538015.58105269     
   208929613.08540410     
   211348903.98366433     
   213796208.95022324     
   216271852.37270245     
   218776162.39495519     
   221309470.96056411     
   223872113.85683379     
   226464430.75930619     
   229086765.27677700     
   231739464.99684796     
   234422881.53199178     
   237137370.56616554     
   239883291.90194947     
   242661009.50824144     
   245470891.56850335     
   248313310.52955678     
   251188643.15095821     
   254097270.55493012     
   257039578.27688646     
   260015956.31652668     
   263026799.18953815     
   266072505.97988141     
   269153480.39269137     
   272270130.80779153     
   275422870.33381635     
   278612116.86297721     
   281838293.12644494     
   285101826.75039095     
   288403150.31266117     
   291742701.40011656     
   295120922.66663903     
   298538261.89179569     
   301995172.04020190     
   305492111.32155091     
   309029543.25135922     
   312607936.71239495     
   316227766.01683795     
   319889510.96914035     
   323593656.92962807     
   327340694.87883860     
   331131121.48259079     
   334965439.15782791     
   338844156.13920206     
   342767786.54645050     
   346736850.45253098     
   350751873.95256793     
   354813389.23357606     
   358921934.64500499     
   363078054.77010179     
   367282300.49808425     
   371535229.09717280     
   375837404.28844357     
   380189396.32056123     
   384591782.04535431     
   389045144.99428046     
   393550075.45577806     
   398107170.55349690     
   402717034.32545948     
   407380277.80411220     
   412097519.09733039     
   416869383.47033465     
   421696503.42858225     
   426579518.80159342     
   431519076.82776499     
   436515832.24016654     
   441570447.35331208     
   446683592.15096349     
   451855944.37492168     
   457088189.61487520     
   462381021.39925939     
   467735141.28719813     
   473151258.96148127     
   478630092.32263803     
   484172367.58409989     
   489778819.36844563     
   495450190.80479056     
   501187233.62727147     
   506990708.27470446     
   512861383.99136585     
   518800038.92896092     
   524807460.24977338     
   530884444.23098791     
   537031796.37025321     
   543250331.49243248     
   549540873.85762477     
   555904257.27040255     
   562341325.19034910     
   568852930.84384251     
   575439937.33715665     
   582103217.77087212     
   588843655.35558844     
   595662143.52901089     
   602559586.07435691     
   609536897.24016941     
   616595001.86148095     
   623734835.48241913     
   630957344.48019433     
   638263486.19054830     
   645654229.03465629     
   653130552.64747167     
   660693448.00759649     
   668343917.56861353     
   676082975.39198184     
   683911647.28143072     
   691830970.91893625     
   699841996.00227451     
   707945784.38413727     
   716143410.21290267     
   724435960.07498908     
   732824533.13890445     
   741310241.30091619     
   749894209.33245587     
   758577575.02918518     
   767361489.36181855     
   776247116.62869275     
   785235634.61007106     
   794328234.72428215     
   803526122.18561602     
   812830516.16409945     
   822242649.94706953     
   831763771.10267091     
   841395141.64519644     
   851138038.20237589     
   860993752.18460166     
   870963589.95607960     
   881048873.00801468     
   891250938.13374412     
   901571137.60595703     
   912010839.35591149     
   922571427.15476286     
   933254300.79699242     
   944060876.28592265     
   954992586.02143693     
   966050878.98981214     
   977237220.95581114     
   988553094.65693700     
   1000000000.0000000     
   1011579454.2599003     
   1023292992.2807536     
   1035142166.6793451     
   1047128548.0508986     
   1059253725.1772897     
   1071519305.2376049     
   1083926914.0212040     
   1096478196.1431828     
   1109174815.2624009     
   1122018454.3019652     
   1135010815.6723144     
   1148153621.4968841     
   1161448613.8403413     
   1174897554.9395304     
   1188502227.4370165     
   1202264434.6174130     
   1216186000.6463704     
   1230268770.8123810     
   1244514611.7713869     
   1258925411.7941661     
   1273503081.0166628     
   1288249551.6931322     
   1303166778.4523001     
   1318256738.5564048     
   1333521432.1633241     
   1348962882.5916560     
   1364583136.5889239     
   1380384264.6028867     
   1396368361.0559363     
   1412537544.6227555     
   1428893958.5111008     
   1445439770.7459280     
   1462177174.4567153     
   1479108388.1682072     
   1496235656.0944359     
   1513561248.4362071     
   1531087461.6820319     
   1548816618.9124796     
   1566751070.1081502     
   1584893192.4611108     
   1603245390.6900418     
   1621810097.3589332     
   1640589773.1995387     
   1659586907.4375632     
   1678804018.1225588     
   1698243652.4617460     
   1717908387.1575859     
   1737800828.7493763     
   1757923613.9586895     
   1778279410.0389228     
   1798870915.1287911     
   1819700858.6099825     
   1840772001.4689581     
   1862087136.6628656     
   1883649089.4898021     
   1905460717.9632444     
   1927524913.1909366     
   1949844599.7580414     
   1972422736.1148534     
   1995262314.9688828     
   2018366363.6815596     
   2041737944.6695316     
   2065380155.8105271     
   2089296130.8540409     
   2113489039.8366432     
   2137962089.5022326     
   2162718523.7270246     
   2187761623.9495521     
   2213094709.6056409     
   2238721138.5683379     
   2264644307.5930619     
   2290867652.7677698     
   2317394649.9684796     
   2344228815.3199177     
   2371373705.6616554     
   2398832919.0194950     
   2426610095.0824142     
   2454708915.6850338     
   2483133105.2955680     
   2511886431.5095820     
   2540972705.5493011     
   2570395782.7688646     
   2600159563.1652670     
   2630267991.8953815     
   2660725059.7988138     
   2691534803.9269137     
   2722701308.0779157     
   2754228703.3381634     
   2786121168.6297722     
   2818382931.2644491     
   2851018267.5039096     
   2884031503.1266117     
   2917427014.0011659     
   2951209226.6663899     
   2985382618.9179573     
   3019951720.4020190     
   3054921113.2155094     
   3090295432.5135922     
   3126079367.1239495     
   3162277660.1683793     
   3198895109.6914039     
   3235936569.2962809     
   3273406948.7883863     
   3311311214.8259077     
   3349654391.5782795     
   3388441561.3920207     
   3427677865.4645047     
   3467368504.5253096     
   3507518739.5256796     
   3548133892.3357606     
   3589219346.4500499     
   3630780547.7010174     
   3672823004.9808426     
   3715352290.9717278     
   3758374042.8844357     
   3801893963.2056127     
   3845917820.4535432     
   3890451449.9428048     
   3935500754.5577803     
   3981071705.5349693     
   4027170343.2545948     
   4073802778.0411220     
   4120975190.9733043     
   4168693834.7033467     
   4216965034.2858224     
   4265795188.0159345     
   4315190768.2776499     
   4365158322.4016657     
   4415704473.5331211     
   4466835921.5096350     
   4518559443.7492170     
   4570881896.1487522     
   4623810213.9925938     
   4677351412.8719816     
   4731512589.6148129     
   4786300923.2263803     
   4841723675.8409986     
   4897788193.6844568     
   4954501908.0479050     
   5011872336.2727146     
   5069907082.7470446     
   5128613839.9136591     
   5188000389.2896099     
   5248074602.4977341     
   5308844442.3098793     
   5370317963.7025328     
   5432503314.9243250     
   5495408738.5762482     
   5559042572.7040262     
   5623413251.9034910     
   5688529308.4384251     
   5754399373.3715668     
   5821032177.7087221     
   5888436553.5558844     
   5956621435.2901096     
   6025595860.7435684     
   6095368972.4016933     
   6165950018.6148100     
   6237348354.8241911     
   6309573444.8019428     
   6382634861.9054823     
   6456542290.3465624     
   6531305526.4747162     
   6606934480.0759640     
   6683439175.6861353     
   6760829753.9198189     
   6839116472.8143063     
   6918309709.1893625     
   6998419960.0227451     
   7079457843.8413734     
   7161434102.1290274     
   7244359600.7498913     
   7328245331.3890448     
   7413102413.0091619     
   7498942093.3245583     
   7585775750.2918510     
   7673614893.6181860     
   7762471166.2869272     
   7852356346.1007099     
   7943282347.2428217     
   8035261221.8561611     
   8128305161.6409950     
   8222426499.4706955     
   8317637711.0267086     
   8413951416.4519644     
   8511380382.0237589     
   8609937521.8460159     
   8709635899.5607967     
   8810488730.0801468     
   8912509381.3374405     
   9015711376.0595703     
   9120108393.5591145     
   9225714271.5476284     
   9332543007.9699249     
   9440608762.8592262     
   9549925860.2143688     
   9660508789.8981209     
   9772372209.5581112     
   9885530946.5693703     
   10000000000.000000     
