   1.7782794100389231E-015
   3.1622776601683798E-015
   5.6234132519034920E-015
   1.0000000000000002E-014
   1.7782794100389230E-014
   3.1622776601683796E-014
   5.6234132519034912E-014
   1.0000000000000000E-013
   1.7782794100389230E-013
   3.1622776601683797E-013
   5.6234132519034904E-013
   9.9999999999999998E-013
   1.7782794100389230E-012
   3.1622776601683798E-012
   5.6234132519034912E-012
   1.0000000000000001E-011
   1.7782794100389227E-011
   3.1622776601683794E-011
   5.6234132519034912E-011
   1.0000000000000000E-010
   1.7782794100389229E-010
   3.1622776601683795E-010
   5.6234132519034920E-010
   1.0000000000000001E-009
   1.7782794100389230E-009
   3.1622776601683799E-009
   5.6234132519034918E-009
   1.0000000000000000E-008
   1.7782794100389228E-008
   3.1622776601683792E-008
   5.6234132519034912E-008
   1.0000000000000001E-007
   1.7782794100389230E-007
   3.1622776601683797E-007
   5.6234132519034914E-007
   1.0000000000000002E-006
   1.7782794100389229E-006
   3.1622776601683796E-006
   5.6234132519034912E-006
   1.0000000000000001E-005
   1.7782794100389229E-005
   3.1622776601683795E-005
   5.6234132519034907E-005
   1.0000000000000000E-004
   1.7782794100389230E-004
   3.1622776601683799E-004
   5.6234132519034921E-004
   1.0000000000000000E-003
   1.7782794100389230E-003
   3.1622776601683798E-003
   5.6234132519034918E-003
   1.0000000000000000E-002
   1.7782794100389229E-002
   3.1622776601683798E-002
   5.6234132519034911E-002
  0.10000000000000001     
  0.17782794100389229     
  0.31622776601683794     
  0.56234132519034907     
   1.0000000000000000     
   1.7782794100389230     
   3.1622776601683800     
   5.6234132519034912     
   10.000000000000000     
   17.782794100389228     
   31.622776601683796     
   56.234132519034915     
   100.00000000000001     
   177.82794100389231     
   316.22776601683796     
   562.34132519034915     
   1000.0000000000001     
   1778.2794100389228     
   3162.2776601683795     
   5623.4132519034911     
   10000.000000000000     
   17782.794100389230     
   31622.776601683796     
   56234.132519034909     
   100000.00000000001     
   177827.94100389231     
   316227.76601683797     
   562341.32519034913     
   1000000.0000000001     
   1778279.4100389229     
   3162277.6601683795     
   5623413.2519034911     
   10000000.000000000     
   17782794.100389227     
   31622776.601683795     
   56234132.519034915     
   100000000.00000000     
   177827941.00389230     
   316227766.01683795     
   562341325.19034910     
   1000000000.0000001     
   1778279410.0389228     
   3162277660.1683798     
   5623413251.9034910     
   10000000000.000002     
