   1.2589254117941673     
   1.5848931924611136     
   1.9952623149688795     
   2.5118864315095801     
   3.1622776601683795     
   3.9810717055349722     
   5.0118723362727220     
   6.3095734448019334     
   7.9432823472428158     
   10.000000000000000     
   12.589254117941675     
   15.848931924611133     
   19.952623149688797     
   25.118864315095795     
   31.622776601683793     
   39.810717055349734     
   50.118723362727224     
   63.095734448019329     
   79.432823472428140     
   100.00000000000000     
   125.89254117941675     
   158.48931924611142     
   199.52623149688787     
   251.18864315095797     
   316.22776601683796     
   398.10717055349733     
   501.18723362727246     
   630.95734448019300     
   794.32823472428129     
   1000.0000000000000     
   1258.9254117941675     
   1584.8931924611140     
   1995.2623149688789     
   2511.8864315095798     
   3162.2776601683795     
   3981.0717055349733     
   5011.8723362727251     
   6309.5734448019302     
   7943.2823472428136     
   10000.000000000000     
   12589.254117941662     
   15848.931924611141     
   19952.623149688789     
   25118.864315095823     
   31622.776601683792     
   39810.717055349691     
   50118.723362727251     
   63095.734448019299     
   79432.823472428208     
   100000.00000000000     
   125892.54117941661     
   158489.31924611141     
   199526.23149688789     
   251188.64315095820     
   316227.76601683791     
   398107.17055349692     
   501187.23362727248     
   630957.34448019299     
   794328.23472428217     
   1000000.0000000000     
   1258925.4117941661     
   1584893.1924611141     
   1995262.3149688789     
   2511886.4315095823     
   3162277.6601683795     
   3981071.7055349695     
   5011872.3362727249     
   6309573.4448019303     
   7943282.3472428219     
   10000000.000000000     
   12589254.117941663     
   15848931.924611142     
   19952623.149688788     
   25118864.315095823     
   31622776.601683792     
   39810717.055349693     
   50118723.362727247     
   63095734.448019296     
   79432823.472428218     
   100000000.00000000     
   125892541.17941661     
   158489319.24611109     
   199526231.49688828     
   251188643.15095821     
   316227766.01683795     
   398107170.55349690     
   501187233.62727147     
   630957344.48019433     
   794328234.72428215     
   1000000000.0000000     
   1258925411.7941661     
   1584893192.4611108     
   1995262314.9688828     
   2511886431.5095820     
   3162277660.1683793     
   3981071705.5349693     
   5011872336.2727146     
   6309573444.8019428     
   7943282347.2428217     
   10000000000.000000     
