   16299.184200331094     
   17868.030946959450     
   19585.705655028392     
   21465.879999984954     
   23523.389097914431     
   25774.310920254018     
   28236.046703572723     
   30927.401138835285     
   33868.660759266932     
   37081.668501521301     
   40589.891876919653     
   44418.481541657282     
   48594.316278470113     
   53146.029476525153     
   58104.011098395647     
   63500.377828237710     
   69368.902577850880     
   75744.892761107578     
   82665.004707607979     
   90166.979252471385     
   98289.280897360644     
   107070.61998701289     
   116549.33410408521     
   126762.60140076387     
   137745.45494883231     
   149529.56355199148     
   162141.74106096476     
   175602.14341455122     
   189922.11090469232     
   205101.61324183372     
   221126.25785452127     
   237963.82880643237     
   255560.33648194440     
   273835.57900006697     
   292678.24795157666     
   311940.65689599799     
   331433.23503342707     
   350919.01487094827     
   370108.45575215726     
   388655.08813666669     
   406152.63753687165     
   422134.48855960584     
   436076.56727375876     
   447404.93051042396     
   455509.51206976175     
   459765.52238646697     
   459563.83528183069     
   454351.19945872301     
   443680.14196008793     
   427266.85679229558     
   405053.13588301348     
   377265.60505551635     
   344462.55505851650     
   307556.26490260311     
   267798.04851355951     
   226715.66429484930     
   185999.28246802493     
   147342.95446223882     
   112261.72798265688     
   81916.389965890849     
   56983.214165831239     
   37600.736737383428     
   23408.599112267253     
   13669.131716695209     
   7439.2032006768204     
   3747.2723447089684     
   1733.8473037878532     
   730.81022809536694     
   278.06215518556633     
   94.555226907519952     
   28.423475201678272     
   7.4626853459252169     
   1.6889193564047313     
  0.32473523164630769     
   5.2210079202002886E-002
   6.8977669785580563E-003
   7.3464599292336280E-004
   6.1764475459237167E-005
   4.0056818532619252E-006
   1.9538933389650935E-007
   6.9718825442151952E-009
   1.7651684983195971E-010
   3.0667655633236543E-012
   3.5244242212111971E-014
   2.5734114192793621E-016
   1.1421884701569390E-018
   2.9355894603021649E-021
   4.1423638009565418E-024
   3.0269649791465498E-027
   1.0742571584428273E-030
   1.7257167759700698E-034
   1.1615241787353029E-038
   3.0091870008689361E-043
   2.7340447171184913E-048
   7.8655543843389705E-054
   6.4051053674337509E-060
   1.3054334885158486E-066
   5.8178506483649836E-074
   4.8885384548098308E-082
   6.5819926099569496E-091
