   79.620427941756589     
   44.773856960990116     
   25.178190057326319     
   14.158736762731307     
   7.9620427941756100     
   4.4773856960989420     
   2.5178190057325627     
   1.4158736762730681     
  0.79620427941749716     
  0.44773856960983049     
  0.25178190057319300     
  0.14158736762724333     
   7.9620427941686209E-002
   4.4773856960919865E-002
   2.5178190057255988E-002
   1.4158736762660986E-002
   7.9620427941052997E-003
   4.4773856960286344E-003
   2.5178190056622503E-003
   1.4158736762027589E-003
   7.9620427934718276E-004
   4.4773856953951840E-004
   2.5178190050288056E-004
   1.4158736755693062E-004
   7.9620427871373599E-005
   4.4773856890607230E-005
   2.5178189986943426E-005
   1.4158736692348443E-005
   7.9620427237927494E-006
   4.4773856257160880E-006
   2.5178189353497052E-006
   1.4158736058902138E-006
   7.9620420903464695E-007
   4.4773849922698584E-007
   2.5178183019035606E-007
   1.4158729724442155E-007
   7.9620357558891191E-008
   4.4773786578172314E-008
   2.5178119674593385E-008
   1.4158666380149435E-008
   7.9619724118621967E-009
   4.4773153142629518E-009
   2.5177486247455624E-009
   1.4158032967958063E-009
   7.9613390262497260E-010
   4.4766819759151844E-010
   2.5171153704476278E-010
   1.4151701919619640E-010
   7.9550106358004773E-011
   4.4703583119355692E-011
   2.5108001114516226E-011
   1.4088590032505416E-011
   7.8919793969318854E-012
   4.4076440395546487E-012
   2.4488181385767357E-012
   1.3483137403782669E-012
   7.3128606704548172E-013
   3.8756187356229208E-013
   1.9992563074726964E-013
   1.0254543255186410E-013
   3.2777848092653350E-014
   1.0437069802406486E-014
   3.3135471412510507E-015
   1.0495060358137545E-015
   3.3172024413420336E-016
   1.0461969308369982E-016
   3.2905956640253245E-017
   1.0310057784840129E-017
   3.2117932299830720E-018
   9.9178626833706708E-019
   3.0219747333495203E-019
   9.0237469894208933E-020
   2.6138337839403880E-020
   7.2337473109726379E-021
   1.8692883296261522E-021
   4.3531529022920490E-022
   8.6320747960554544E-023
   1.3267839270676405E-023
   1.3459790328294560E-024
   6.8057381096183837E-026
   1.0436222083114574E-027
   2.0069905751017965E-030
   1.0041503431294779E-034
   7.9218457156962715E-042
   6.6689989601806550E-054
   8.1679861754282715E-075
   1.8877865131408460E-111
   4.3986000324167644E-176
   1.7675690981455108E-290
   0.0000000000000000     
   0.0000000000000000     
   0.0000000000000000     
   0.0000000000000000     
   0.0000000000000000     
   0.0000000000000000     
   0.0000000000000000     
   0.0000000000000000     
   0.0000000000000000     
   0.0000000000000000     
   0.0000000000000000     
