   97.720426974153781     
   95.496001200295339     
   93.322209965657379     
   91.197900682525798     
   89.121946999341844     
   87.093248203493630     
   85.110728637702024     
   83.173337129690779     
   81.280046434839448     
   79.429852691522569     
   77.621774888847327     
   75.854854346506684     
   74.128154206472630     
   72.440758936259840     
   70.791773843496472     
   69.180324601544783     
   67.605556785919816     
   66.066635421260514     
   64.562744538613046     
   63.093086742791691     
   61.656882789587627     
   60.253371172601767     
   58.881807719482445     
   57.541465197353681     
   56.231632927225199     
   54.951616407179515     
   53.700736944136196     
   52.478331293998380     
   51.283751309990464     
   50.116363599000628     
   48.975549185745948     
   47.860703184582107     
   46.771234478783533     
   45.706565407124174     
   44.666131457592378     
   43.649380968077850     
   42.655774833871732     
   41.684786221824695     
   40.735900291011895     
   39.808613919756034     
   38.902435438864359     
   38.016884370937802     
   37.151491175614332     
   36.305797000611079     
   35.479353438433641     
   34.671722288623158     
   33.882475325415520     
   33.111194070689145     
   32.357469572081143     
   31.620902186154282     
   30.901101366499450     
   30.197685456661738     
   29.510281487779963     
   28.838524980832560     
   28.182059753384827     
   27.540537730735210     
   26.913618761360432     
   26.300970436561538     
   25.702267914215401     
   25.117193746538035     
   24.545437711768606     
   23.986696649684639     
   23.440674300861552     
   22.907081149590923     
   22.385634270374442     
   21.876057177912134     
   21.378079680505206     
   20.891437736795883     
   20.415873315768231     
   19.951134259935806     
   19.496974151643432     
   19.053152182412475     
   18.619433025260047     
   18.195586709924605     
   17.781388500931893     
   17.376618778436264     
   16.981062921774512     
   16.594511195670297     
   16.216758639028903     
   15.847604956263293     
   15.486854411093946     
   15.134315722766072     
   14.789801964629206     
   14.453130465025474     
   14.124122710433827     
   13.802604250819085     
   13.488404607135418     
   13.181357180935361     
   12.881299166036360     
   12.588071462198043     
   12.301518590764434     
   12.021488612226396     
   11.747833045660562     
   11.480406790002098     
   11.219068047109490     
   10.963678246580599     
   10.714101972280138     
   10.470206890539544     
   10.231863679991271     
   9.9989459630002120     
   9.7713302386559793     
   9.5488958172904130     
   9.3315247564857060     
   9.1191017985391394     
   8.9115143093513041     
   8.7086522187053799     
   8.5104079619058695     
   8.3166764227457488     
   8.1273548777718787     
   7.9423429418190912     
   7.7615425147840469     
   7.5848577296107047     
   7.4121949014597730     
   7.2434624780351884     
   7.0785709910413495     
   6.9174330087452756     
   6.7599630896186111     
   6.6060777370348589     
   6.4556953549978324     
   6.3087362048778619     
   6.1651223631327934     
   6.0247776799913906     
   5.8876277390772085     
   5.7535998179515460     
   5.6226228495545572     
   5.4946273845240601     
   5.3695455543720954     
   5.2473110354996626     
   5.1278590140306131     
   5.0111261514459970     
   4.8970505510006923     
   4.7855717249044663     
   4.6766305622501072     
   4.5701692976715833     
   4.4661314807156529     
   4.3644619459106426     
   4.2651067835165559     
   4.1680133109409967     
   4.0731300448057324     
   3.9804066736491133     
   3.8897940312498620     
   3.8012440705580830     
   3.7147098382196817     
   3.6301454496806760     
   3.5475060648582035     
   3.4667478643653369     
   3.3878280262770724     
   3.3107047034252042     
   3.2353370012100298     
   3.1616849559171172     
   3.0897095135276489     
   3.0193725090111032     
   2.9506366460892957     
   2.8834654774610398     
   2.8178233854769585     
   2.7536755632541898     
   2.6909879962209753     
   2.6297274440813445     
   2.5698614231903387     
   2.5113581893304198     
   2.4541867208799424     
   2.3983167023647560     
   2.3437185083842191     
   2.2903631879031057     
   2.2382224489010722     
   2.1872686433715458     
   2.1374747526620812     
   2.0888143731484101     
   2.0412617022345949     
   1.9947915246718582     
   1.9493791991888290     
   1.9050006454261303     
   1.8616323311683700     
   1.8192512598667663     
   1.7778349584457955     
   1.7373614653873968     
   1.6978093190864127     
   1.6591575464710939     
   1.6213856518826331     
   1.5844736062078344     
   1.5484018362591532     
   1.5131512143964756     
   1.4787030483851387     
   1.4450390714848096     
   1.4121414327639705     
   1.3799926876348729     
   1.3485757886039480     
   1.3178740762327550     
   1.2878712703046942     
   1.2585514611927882     
   1.2298991014239515     
   1.2018989974352916     
   1.1745363015180506     
   1.1477965039449320     
   1.1216654252766332     
   1.0961292088434960     
   1.0711743133983063     
   1.0467875059363296     
   1.0229558546787882     
  0.99966672221604991     
  0.97690775880690406     
  0.95466689583035702     
  0.93293233938649445     
  0.91169256404299470     
  0.89093630672400137     
  0.87065256073808994     
  0.85083056994219042     
  0.83145982303833987     
  0.81253004800027351     
  0.79403120662686688     
  0.77595348921957263     
  0.75828730938100053     
  0.74102329893190955     
  0.72415230294389288     
  0.70766537488514292     
  0.69155377187670364     
  0.67580895005671526     
  0.66042256005016975     
  0.64538644254180122     
  0.63069262394973669     
  0.61633331219764076     
  0.60230089258308550     
  0.58858792373998059     
  0.57518713369289942     
  0.56209141600122980     
  0.54929382599108745     
  0.53678757707300628     
  0.52456603714345007     
  0.51262272506823081     
  0.50095130724598169     
  0.48954559424984839     
  0.47839953754563314     
  0.46750722628463509     
  0.45686288416950432     
  0.44646086639142746     
  0.43629565663704400     
  0.42636186416348237     
  0.41665422093998683     
  0.40716757885460125     
  0.39789690698444413     
  0.38883728892811337     
  0.37998392019881988     
  0.37133210567685548     
  0.36287725712005581     
  0.35461489073092634     
  0.34654062477915376     
  0.33865017727823160     
  0.33093936371497540     
  0.32340409483071919     
  0.31604037445302124     
  0.30884429737672214     
  0.30181204729324024     
  0.29493989476700233     
  0.28822419525793347     
  0.28166138718896505     
  0.27524799005752865     
  0.26898060259004120     
  0.26285590093839584     
  0.25687063691751033     
  0.25102163628299001     
  0.24530579704800015     
  0.23972008783844717     
  0.23426154628560611     
  0.22892727745533065     
  0.22371445231302511     
  0.21862030622355341     
  0.21364213748529798     
  0.20877730589758556     
  0.20402323136072498     
  0.19937739250790978     
  0.19483732536826570     
  0.19040062206032837     
  0.18606492951526427     
  0.18182794822915224     
  0.17768743104366977     
  0.17364118195453171     
  0.16968705494705480     
  0.16582295285822757     
  0.16204682626468189     
  0.15835667239598022     
  0.15475053407263673     
  0.15122649866831511     
  0.14778269709564756     
  0.14441730281514217     
  0.14112853086664756     
  0.13791463692286768     
  0.13477391636441854     
  0.13170470337594206     
  0.12870537006279295     
  0.12577432558783444     
  0.12291001532788146     
  0.12011092004934763     
  0.11737555510265522     
  0.11470246963498458     
  0.11209024582094218     
  0.10953749811074288     
  0.10704287249550380     
  0.10460504578926466     
  0.10222272492734946     
   9.9894646280701521E-002
   9.7619574985824867E-002
   9.5396304289979167E-002
   9.3223654911280124E-002
   9.1100474413365232E-002
   8.9025636594295118E-002
   8.6998040889364345E-002
   8.5016611787507398E-002
   8.3080298260987770E-002
   8.1188073208070338E-002
   7.9338932908379289E-002
   7.7531896490654714E-002
   7.5766005412623849E-002
   7.4040322952713261E-002
   7.2353933713329793E-002
   7.0705943135450144E-002
   6.9095477024258278E-002
   6.7521681085582264E-002
   6.5983720472882174E-002
   6.4480779344550890E-002
   6.3012060431291511E-002
   6.1576784613343191E-002
   6.0174190507330083E-002
   5.8803534062515657E-002
   5.7464088166246832E-002
   5.6155142258380239E-002
   5.4876001954484672E-002
   5.3625988677621139E-002
   5.2404439298504968E-002
   5.1210705783858189E-002
   5.0044154852767718E-002
   4.8904167640864797E-002
   4.7790139372149841E-002
   4.6701479038286753E-002
   4.5637609085198372E-002
   4.4597965106795284E-002
   4.3581995545677071E-002
   4.2589161400645989E-002
   4.1618935940879204E-002
   4.0670804426606706E-002
   3.9744263836148416E-002
   3.8838822599163936E-002
   3.7954000335975159E-002
   3.7089327602822249E-002
   3.6244345642918889E-002
   3.5418606143173936E-002
   3.4611670996451342E-002
   3.3823112069241372E-002
   3.3052510974620919E-002
   3.2299458850381553E-002
   3.1563556142208550E-002
   3.0844412391795112E-002
   3.0141646029780117E-002
   2.9454884173399299E-002
   2.8783762428742341E-002
   2.8127924697511662E-002
   2.7487022988179597E-002
   2.6860717231444772E-002
   2.6248675099888867E-002
   2.5650571831739057E-002
   2.5066090058641806E-002
   2.4494919637357560E-002
   2.3936757485286276E-002
   2.3391307419737276E-002
   2.2858280000857639E-002
   2.2337392378136315E-002
   2.1828368140402118E-002
   2.1330937169236605E-002
   2.0844835495723406E-002
   2.0369805160458877E-002
   1.9905594076748998E-002
   1.9451955896920798E-002
   1.9008649881676637E-002
   1.8575440772422798E-002
   1.8152098666504017E-002
   1.7738398895278482E-002
   1.7334121904967914E-002
   1.6939053140220206E-002
   1.6552982930322556E-002
   1.6175706378004664E-002
   1.5807023250773388E-002
   1.5446737874720803E-002
   1.5094659030749811E-002
   1.4750599853161784E-002
   1.4414377730553048E-002
   1.4085814208966957E-002
   1.3764734897250950E-002
   1.3450969374567757E-002
   1.3144351100012214E-002
   1.2844717324285323E-002
   1.2551909003379175E-002
   1.2265770714226534E-002
   1.1986150572270707E-002
   1.1712900150911709E-002
   1.1445874402786280E-002
   1.1184931582839730E-002
   1.0929933173149100E-002
   1.0680743809457511E-002
   1.0437231209380999E-002
   1.0199266102249535E-002
   9.9667221605452324E-003
   9.7394759329011964E-003
   9.5174067786256578E-003
   9.3003968037165506E-003
   9.0883307983327354E-003
   8.8810961756884618E-003
   8.6785829123389863E-003
   8.4806834898254798E-003
   8.2872928376483621E-003
   8.0983082775386763E-003
   7.9136294689982310E-003
   7.7331583560793548E-003
   7.5567991153762688E-003
   7.3844581052002244E-003
   7.2160438159117931E-003
   7.0514668213836913E-003
   6.8906397315686031E-003
   6.7334771461466198E-003
   6.5798956092279950E-003
   6.4298135650869663E-003
   6.2831513149033558E-003
   6.1398309744887629E-003
   5.9997764329752321E-003
   5.8629133124442675E-003
   5.7291689284749260E-003
   5.5984722515898871E-003
   5.4707538695793166E-003
   5.3459459506822963E-003
   5.2239822076064679E-003
   5.1047978623667348E-003
   4.9883296119243407E-003
   4.8745155946082102E-003
   4.7632953573006655E-003
   4.6546098233701755E-003
   4.5484012613340157E-003
   4.4446132542343888E-003
   4.3431906697116432E-003
   4.2440796307587928E-003
   4.1472274871417279E-003
   4.0525827874701116E-003
   3.9600952519040144E-003
   3.8697157454819285E-003
   3.7813962520558729E-003
   3.6950898488199400E-003
   3.6107506814186392E-003
   3.5283339396219473E-003
   3.4477958335540179E-003
   3.3690935704631308E-003
   3.2921853320204033E-003
   3.2170302521353513E-003
   3.1435883952763985E-003
   3.0718207352849786E-003
   3.0016891346719013E-003
   2.9331563243850467E-003
   2.8661858840376441E-003
   2.8007422225866307E-003
   2.7367905594508982E-003
   2.6742969060593595E-003
   2.6132280478190968E-003
   2.5535515264939702E-003
   2.4952356229844038E-003
   2.4382493404991839E-003
   2.3825623881103715E-003
   2.3281451646825378E-003
   2.2749687431679118E-003
   2.2230048552590097E-003
   2.1722258763906921E-003
   2.1226048110835941E-003
   2.0741152786212702E-003
   2.0267314990533732E-003
   1.9804282795175005E-003
   1.9351810008723849E-003
   1.8909656046354321E-003
   1.8477585802176009E-003
   1.8055369524489137E-003
   1.7642782693879130E-003
   1.7239605904086836E-003
   1.6845624745590580E-003
   1.6460629691838554E-003
   1.6084415988071364E-003
   1.5716783542675254E-003
   1.5357536821009102E-003
   1.5006484741648283E-003
   1.4663440574990852E-003
   1.4328221844171667E-003
   1.4000650228232663E-003
   1.3680551467497278E-003
   1.3367755271099320E-003
   1.3062095226616750E-003
   1.2763408711762988E-003
   1.2471536808088528E-003
   1.2186324216647319E-003
   1.1907619175582894E-003
   1.1635273379590951E-003
   1.1369141901215348E-003
   1.1109083113935978E-003
   1.0854958617007465E-003
   1.0606633162009169E-003
   1.0363974581067302E-003
   1.0126853716711239E-003
   9.8951443533265701E-004
   9.6687231501689042E-004
   9.4474695759026283E-004
   9.2312658446299604E-004
   9.0199968533765437E-004
   8.8135501210000221E-004
   8.6118157284897218E-004
   8.4146862606253368E-004
   8.2220567489640027E-004
   8.0338246161251693E-004
   7.8498896213441188E-004
   7.6701538072649494E-004
   7.4945214479450002E-004
   7.3228989980429272E-004
   7.1551950431637465E-004
   6.9913202513342972E-004
   6.8311873255835287E-004
   6.6747109576023025E-004
   6.5218077824583099E-004
   6.3723963343419805E-004
   6.2263970033199826E-004
   6.0837319930732037E-004
   5.9443252795970665E-004
   5.8081025708420556E-004
   5.6749912672731924E-004
   5.5449204233273591E-004
   5.4178207097482778E-004
   5.2936243767789481E-004
   5.1722652181921422E-004
   5.0536785361398760E-004
   4.9378011068030854E-004
   4.8245711468234846E-004
   4.7139282804996567E-004
   4.6058135077300672E-004
   4.5001691726858582E-004
   4.3969389331970104E-004
   4.2960677308354647E-004
   4.1975017616794496E-004
   4.1011884477433746E-004
   4.0070764090582996E-004
   3.9151154363880464E-004
   3.8252564645665615E-004
   3.7374515464422763E-004
   3.6516538274158049E-004
   3.5678175205573190E-004
   3.4858978822905387E-004
   3.4058511886302854E-004
   3.3276347119611449E-004
   3.2512066983448392E-004
   3.1765263453442996E-004
   3.1035537803526228E-004
   3.0322500394155158E-004
   2.9625770465359076E-004
   2.8944975934497790E-004
   2.8279753198625252E-004
   2.7629746941352579E-004
   2.6994609944109335E-004
   2.6374002901702060E-004
   2.5767594242072703E-004
   2.5175059950160658E-004
   2.4596083395776015E-004
   2.4030355165391711E-004
   2.3477572897766228E-004
   2.2937441123308561E-004
   2.2409671107101491E-004
   2.1893980695498910E-004
   2.1390094166216537E-004
   2.0897742081835594E-004
   2.0416661146642850E-004
   1.9946594066730172E-004
   1.9487289413280050E-004
   1.9038501488963719E-004
   1.8599990197382043E-004
   1.8171520915479054E-004
   1.7752864368861043E-004
   1.7343796509954417E-004
   1.6944098398938463E-004
   1.6553556087389200E-004
   1.6171960504572923E-004
   1.5799107346329148E-004
   1.5434796966483572E-004
   1.5078834270734097E-004
   1.4731028612953106E-004
   1.4391193693851295E-004
   1.4059147461948864E-004
   1.3734712016802149E-004
   1.3417713514433821E-004
   1.3107982074916848E-004
   1.2805351692062738E-004
   1.2509660145166695E-004
   1.2220748912762452E-004
   1.1938463088341320E-004
   1.1662651297990280E-004
   1.1393165619906026E-004
   1.1129861505741773E-004
   1.0872597703745395E-004
   1.0621236183647786E-004
   1.0375642063261996E-004
   1.0135683536753877E-004
   9.9012318045463819E-005
   9.6721610048200579E-005
   9.4483481465737650E-005
   9.2296730442097702E-005
   9.0160182536086497E-005
   8.8072690096601723E-005
   8.6033131652166769E-005
   8.4040411314370098E-005
   8.2093458194889990E-005
   8.0191225835797659E-005
   7.8332691652833946E-005
   7.6516856391366998E-005
   7.4742743594740345E-005
   7.3009399084730220E-005
   7.1315890453834655E-005
   6.9661306569127895E-005
   6.8044757087413839E-005
   6.6465371981423916E-005
   6.4922301076804668E-005
   6.3414713599652933E-005
   6.1941797734355836E-005
   6.0502760191502674E-005
   5.9096825785637311E-005
   5.7723237022629323E-005
   5.6381253696443486E-005
   5.5070152495094216E-005
   5.3789226615574738E-005
   5.2537785387558186E-005
   5.1315153905669912E-005
   5.0120672670135909E-005
   4.8953697235617207E-005
   4.7813597868042479E-005
   4.6699759209258694E-005
   4.5611579949319993E-005
   4.4548472506242338E-005
   4.3509862713052119E-005
   4.2495189511964788E-005
   4.1503904655529476E-005
   4.0535472414581999E-005
   3.9589369292850128E-005
   3.8665083748060953E-005
   3.7762115919401284E-005
   3.6879977361187144E-005
   3.6018190782599862E-005
   3.5176289793351991E-005
   3.4353818655147092E-005
   3.3550332038801980E-005
   3.2765394786901584E-005
   3.1998581681861743E-005
   3.1249477219275719E-005
   3.0517675386424853E-005
   2.9802779445834739E-005
   2.9104401723763390E-005
   2.8422163403507908E-005
   2.7755694323420567E-005
   2.7104632779527019E-005
   2.6468625332641105E-005
   2.5847326619875123E-005
   2.5240399170444276E-005
   2.4647513225668435E-005
   2.4068346563074608E-005
   2.3502584324507792E-005
   2.2949918848158201E-005
   2.2410049504416148E-005
   2.1882682535466688E-005
   2.1367530898539849E-005
   2.0864314112732365E-005
   2.0372758109320147E-005
   1.9892595085481308E-005
   1.9423563361352909E-005
   1.8965407240344845E-005
   1.8517876872637126E-005
   1.8080728121787452E-005
   1.7653722434379099E-005
   1.7236626712639045E-005
   1.6829213189959390E-005
   1.6431259309255176E-005
   1.6042547604094773E-005
   1.5662865582539252E-005
   1.5292005613628999E-005
   1.4929764816457704E-005
   1.4575944951774040E-005
   1.4230352316054375E-005
   1.3892797637989424E-005
   1.3563095977330530E-005
   1.3241066626041119E-005
   1.2926533011701519E-005
   1.2619322603115348E-005
   1.2319266818067618E-005
   1.2026200933185163E-005
   1.1739963995851957E-005
   1.1460398738132217E-005
   1.1187351492655717E-005
   1.0920672110420356E-005
   1.0660213880468681E-005
   1.0405833451395365E-005
   1.0157390754644197E-005
   9.9147489295534328E-006
   9.6777742501101519E-006
   9.4463360533743207E-006
   9.2203066695347980E-006
   8.9995613535597508E-006
   8.7839782184056065E-006
   8.5734381697486643E-006
   8.3678248422048768E-006
   8.1670245370039034E-006
   7.9709261610840584E-006
   7.7794211675761762E-006
   7.5924034976444301E-006
   7.4097695236533820E-006
   7.2314179936308603E-006
   7.0572499769973652E-006
   6.8871688115329687E-006
   6.7210800515536695E-006
   6.5588914172694188E-006
   6.4005127452971603E-006
   6.2458559403023870E-006
   6.0948349277436244E-006
   5.9473656076945173E-006
   5.8033658097192336E-006
   5.6627552487769610E-006
   5.5254554821322252E-006
   5.3913898672478778E-006
   5.2604835206386681E-006
   5.1326632776632273E-006
   5.0078576532333215E-006
   4.8859968034192176E-006
   4.7670124879310081E-006
   4.6508380334557408E-006
   4.5374082978309256E-006
   4.4266596350354158E-006
   4.3185298609788479E-006
   4.2129582200717011E-006
   4.1098853525579707E-006
   4.0092532625932356E-006
   3.9110052870509640E-006
   3.8150860650406464E-006
   3.7214415081213869E-006
   3.6300187711952186E-006
   3.5407662240645163E-006
   3.4536334236385126E-006
   3.3685710867740375E-006
   3.2855310637360791E-006
   3.2044663122639369E-006
   3.1253308722293313E-006
   3.0480798408728126E-006
   2.9726693486054250E-006
   2.8990565353626016E-006
   2.8271995274978465E-006
   2.7570574152038021E-006
   2.6885902304487380E-006
   2.6217589254166356E-006
   2.5565253514395002E-006
   2.4928522384105895E-006
   2.4307031746676311E-006
   2.3700425873353376E-006
   2.3108357231166708E-006
   2.2530486295227349E-006
   2.1966481365312095E-006
   2.1416018386636148E-006
   2.0878780774717905E-006
   2.0354459244243425E-006
   1.9842751641838827E-006
   1.9343362782661758E-006
   1.8856004290724560E-006
   1.8380394442864565E-006
   1.7916258016277908E-006
   1.7463326139535990E-006
   1.7021336147004642E-006
   1.6590031436589050E-006
   1.6169161330728178E-006
   1.5758480940564914E-006
   1.5357751033218920E-006
   1.4966737902092315E-006
   1.4585213240138295E-006
   1.4212954016025642E-006
   1.3849742353132536E-006
   1.3495365411305736E-006
   1.3149615271321714E-006
   1.2812288821988165E-006
   1.2483187649825894E-006
   1.2162117931271756E-006
   1.1848890327345776E-006
   1.1543319880725722E-006
   1.1245225915174657E-006
   1.0954431937267280E-006
   1.0670765540363225E-006
   1.0394058310775561E-006
   1.0124145736084884E-006
   9.8608671155494861E-007
   9.6040654725643973E-007
   9.3535874691221513E-007
   9.1092833222298693E-007
   8.8710067222377313E-007
   8.6386147530355629E-007
   8.4119678140747776E-007
   8.1909295441740077E-007
   7.9753667470676941E-007
   7.7651493186580410E-007
   7.5601501759313016E-007
   7.3602451875006072E-007
   7.1653131057378924E-007
   6.9752355004591287E-007
   6.7898966941270165E-007
   6.6091836985367795E-007
   6.4329861529510289E-007
   6.2611962636507667E-007
   6.0937087448702727E-007
   5.9304207610839219E-007
   5.7712318706146229E-007
   5.6160439705333387E-007
   5.4647612428203251E-007
   5.3172901017593353E-007
   5.1735391425365960E-007
   5.0334190910170737E-007
   4.8968427546712975E-007
   4.7637249746260945E-007
   4.6339825788140889E-007
   4.5075343361965351E-007
   4.3843009120350983E-007
   4.2642048241886264E-007
   4.1471704004115469E-007
   4.0331237366309419E-007
   3.9219926561801426E-007
   3.8137066699666705E-007
   3.7081969375535998E-007
   3.6053962291331939E-007
   3.5052388883725629E-007
   3.4076607961114038E-007
   3.3125993348923849E-007
   3.2199933543051389E-007
   3.1297831371253021E-007
   3.0419103662304919E-007
   2.9563180922753026E-007
   2.8729507021082554E-007
   2.7917538879135333E-007
   2.7126746170610611E-007
   2.6356611026487080E-007
   2.5606627747208194E-007
   2.4876302521476237E-007
   2.4165153151504780E-007
   2.3472708784580092E-007
   2.2798509650790165E-007
   2.2142106806778158E-007
   2.1503061885383757E-007
   2.0880946851037499E-007
   2.0275343760776780E-007
   1.9685844530754909E-007
   1.9112050708118365E-007
   1.8553573248127907E-007
   1.8010032296405855E-007
   1.7481056976190853E-007
   1.6966285180486084E-007
   1.6465363368989219E-007
   1.5977946369694615E-007
   1.5503697185060964E-007
   1.5042286802639960E-007
   1.4593394010064465E-007
   1.4156705214295210E-007
   1.3731914265030298E-007
   1.3318722282181061E-007
   1.2916837487321703E-007
   1.2525975039021881E-007
   1.2145856871973136E-007
   1.1776211539822534E-007
   1.1416774061628912E-007
   1.1067285771857955E-007
   1.0727494173836268E-007
   1.0397152796584396E-007
   1.0076021054951771E-007
   9.7638641129778629E-008
   9.4604527504057181E-008
   9.1655632322756146E-008
   8.8789771815284716E-008
   8.6004814545494309E-008
   8.3298680195851396E-008
   8.0669338379681620E-008
   7.8114807480843779E-008
   7.5633153520205548E-008
   7.3222489048304879E-008
   7.0880972063597062E-008
   6.8606804955699946E-008
   6.6398233473065884E-008
   6.4253545714513231E-008
   6.2171071144078399E-008
   6.0149179628646127E-008
   5.8186280497837069E-008
   5.6280821625641516E-008
   5.4431288533298189E-008
   5.2636203512930454E-008
   5.0894124771463386E-008
   4.9203645594351125E-008
   4.7563393528664143E-008
   4.5972029585086356E-008
   4.4428247458388332E-008
   4.2930772765950337E-008
   4.1478362303919239E-008
   4.0069803320592502E-008
   3.8703912806633041E-008
   3.7379536801722871E-008
   3.6095549717280966E-008
   3.4850853674870147E-008
   3.3644377859932370E-008
   3.2475077890497198E-008
   3.1341935200517116E-008
   3.0243956437491341E-008
   2.9180172874046581E-008
   2.8149639833152610E-008
   2.7151436126653574E-008
   2.6184663506809817E-008
   2.5248446130545372E-008
   2.4341930036106809E-008
   2.3464282631845069E-008
   2.2614692196837843E-008
   2.1792367393076974E-008
   2.0996536788952219E-008
   2.0226448393765711E-008
   1.9481369203022858E-008
   1.8760584754245737E-008
   1.8063398693063959E-008
   1.7389132349342523E-008
   1.6737124323111854E-008
   1.6106730080070054E-008
   1.5497321556433856E-008
   1.4908286772917166E-008
   1.4339029457624948E-008
   1.3788968677651494E-008
   1.3257538479178668E-008
   1.2744187535874143E-008
   1.2248378805393821E-008
   1.1769589193797368E-008
   1.1307309227689979E-008
   1.0861042733908207E-008
   1.0430306526570260E-008
   1.0014630101318013E-008
   9.6135553365791590E-009
   9.2266362016834568E-009
   8.8534384716702791E-009
   8.4935394486286018E-009
   8.1465276894139345E-009
   7.8120027395908460E-009
   7.4895748734519440E-009
   7.1788648399696278E-009
   6.8795036145382386E-009
   6.5911321563687357E-009
   6.3134011714008314E-009
   6.0459708806006913E-009
   5.7885107935153905E-009
   5.5406994869585645E-009
   5.3022243887037888E-009
   5.0727815660666285E-009
   4.8520755192575458E-009
   4.6398189793916527E-009
   4.4357327110435643E-009
   4.2395453192384799E-009
   4.0509930607730891E-009
   3.8698196597625151E-009
   3.6957761273121715E-009
   3.5286205852152826E-009
   3.3681180935802525E-009
   3.2140404822933610E-009
   3.0661661862252586E-009
   2.9242800840917524E-009
   2.7881733408816429E-009
   2.6576432537665373E-009
   2.5324931014098652E-009
   2.4125319965939200E-009
   2.2975747420866458E-009
   2.1874416896710703E-009
   2.0819586022627527E-009
   1.9809565190424094E-009
   1.8842716235328015E-009
   1.7917451145507838E-009
   1.7032230799674046E-009
   1.6185563732103694E-009
   1.5376004924455091E-009
   1.4602154623750361E-009
   1.3862657185924289E-009
   1.3156199944353056E-009
   1.2481512102792465E-009
   1.1837363652172039E-009
   1.1222564310705649E-009
   1.0635962486796228E-009
   1.0076444264224128E-009
   9.5429324091272389E-010
   9.0343853982915044E-010
   8.5497964682864430E-010
   8.0881926849932827E-010
   7.6486340330866127E-010
   7.2302125250435035E-010
   6.8320513292669589E-010
   6.4533039169216469E-010
   6.0931532270943305E-010
   5.7508108499005328E-010
   5.4255162271721514E-010
   5.1165358703710621E-010
   4.8231625953849550E-010
   4.5447147738718042E-010
   4.2805356008302362E-010
   4.0299923780816766E-010
   3.7924758133616690E-010
   3.5673993347252396E-010
   3.3541984199813178E-010
   3.1523299408794550E-010
   2.9612715217806867E-010
   2.7805209125523985E-010
   2.6095953754348851E-010
   2.4480310856349775E-010
   2.2953825454087849E-010
   2.1512220114034768E-010
   2.0151389350337283E-010
   1.8867394156753335E-010
   1.7656456664644146E-010
   1.6514954924964534E-010
   1.5439417812247920E-010
   1.4426520048636959E-010
   1.3473077346055295E-010
   1.2576041664669675E-010
   1.1732496585829158E-010
   1.0939652797713009E-010
   1.0194843691956824E-010
   9.4955210695624982E-011
   8.8392509544313677E-011
   8.2237095128919280E-011
   7.6466790776198993E-011
   7.1060442743791224E-011
   6.5997882500319919E-011
   6.1259890002924605E-011
   5.6828157957143167E-011
   5.2685257044248492E-011
   4.8814602101305693E-011
   4.5200419239353905E-011
   4.1827713885245051E-011
   3.8682239732764940E-011
   3.5750468588774382E-011
   3.3019561100159027E-011
   3.0477338347453574E-011
   2.8112254291044984E-011
   2.5913369055898362E-011
   2.3870323040770181E-011
   2.1973311837891624E-011
   2.0213061949099241E-011
   1.8580807284402049E-011
   1.7068266428948177E-011
   1.5667620664346582E-011
   1.4371492730274914E-011
   1.3172926312279235E-011
   1.2065366241643126E-011
   1.1042639393174652E-011
   1.0098936266725305E-011
   9.2287932382305767E-012
   8.4270754660262983E-012
   7.6889604381711208E-012
   7.0099221464809343E-012
   6.3857158729600632E-012
   5.8123635742999771E-012
   5.2861398501055785E-012
   4.8035584805076453E-012
   4.3613595188213377E-012
   3.9564969249264680E-012
   3.5861267250622344E-012
   3.2475956837606193E-012
   2.9384304736813678E-012
   2.6563273291606889E-012
   2.3991421693457317E-012
   2.1648811768578410E-012
   1.9516918180084360E-012
   1.7578542906863735E-012
   1.5817733861387596E-012
   1.4219707509846978E-012
   1.2770775359295090E-012
   1.1458274177869139E-012
   1.0270499815683809E-012
   9.1966444956224282E-013
   8.2267374449927610E-013
   7.3515887408791567E-013
   6.5627362439803401E-013
   5.8523954977967550E-013
   5.2134124722004184E-013
   4.6392190326880613E-013
   4.1237910189764016E-013
   3.6616088190441127E-013
   3.2476203272506017E-013
   2.8772061777611924E-013
   2.5461471471795663E-013
   2.2505936230169038E-013
   1.9870370374150029E-013
   1.7522831683749881E-013
   1.5434272136194719E-013
   1.3578305451265397E-013
   1.1930990553117507E-013
   1.0470630087913057E-013
   9.1775831663110508E-014
   8.0340915296122563E-014
   7.0241183681092302E-014
   6.1331990498559446E-014
   5.3483030475885750E-014
   4.6577063808331893E-014
   4.0508739192637166E-014
   3.5183509220626284E-014
   3.0516632163381739E-014
   2.6432254454981458E-014
   2.2862568458338553E-014
   1.9747040363731070E-014
   1.7031703332769806E-014
   1.4668511256413468E-014
   1.2614748744845387E-014
   1.0832493209244488E-014
   9.2881251304267396E-015
   7.9518828367797109E-015
   6.7974583336146933E-015
   5.8016309378916976E-015
   4.9439356760748802E-015
   4.2063635985670083E-015
   3.5730913516929361E-015
   3.0302375275293829E-015
   2.5656434830215812E-015
   2.1686764828335420E-015
   1.8300531753085701E-015
   1.5416815578814838E-015
   1.2965197273996708E-015
   1.0884498422300120E-015
   9.1216584692092497E-016
   7.6307362674427562E-016
   6.3720236886605154E-016
   5.3112600941199575E-016
   4.4189374153619847E-016
   3.6696864901615351E-016
   3.0417361313925290E-016
   2.5164371797509799E-016
   2.0778445081135319E-016
   1.7123506083711627E-016
   1.4083650035735919E-016
   1.1560342918469982E-016
   9.4699814649332382E-017
   7.7417707158509697E-017
   6.3158814684984166E-017
   5.1418539223604555E-017
   4.1772174375545801E-017
   3.3862996041260434E-017
   2.7392007959012888E-017
   2.2109130739672556E-017
   1.7805647335076814E-017
   1.4307739741468343E-017
   1.1470971376386053E-017
   9.1755871615595108E-018
   7.3225190703514099E-018
   5.8299989202742128E-018
   4.6306926630447125E-018
   3.6692814904187235E-018
   2.9004248677028074E-018
   2.2870492527458589E-018
   1.7989138715001262E-018
   1.4114116080125121E-018
   1.1045689245179427E-018
   8.6221384550194033E-019
   6.7128549976562703E-019
   5.2126259090772943E-019
   4.0369152658366709E-019
   3.1179784130764546E-019
   2.4016705130428865E-019
   1.8448323229100904E-019
   1.4131545621480452E-019
   1.0794380026657208E-019
   8.2217985987402119E-020
   6.2442849026026456E-020
   4.7285808551779106E-020
   3.5702323647036970E-020
   2.6876013416063373E-020
   2.0170696618517620E-020
   1.5092091552145188E-020
   1.1257321737036340E-020
   8.3707098756110421E-021
   6.2046220927769503E-021
   4.5843556435727601E-021
   3.3762538634147250E-021
   2.4783887507844178E-021
   1.8132798506058988E-021
   1.3222228297586845E-021
   9.6088634519784795E-022
   6.9590490327686679E-022
   5.0225125194891642E-022
   3.6121682334994955E-022
   2.5886484197963740E-022
   1.8484958423103151E-022
   1.3151828350845009E-022
   9.3230446204570295E-023
   6.5843800294909128E-023
   4.6327494777185140E-023
   3.2472119118444964E-023
   2.2673115767900270E-023
   1.5769618461811852E-023
   1.0924988701070962E-023
   7.5386023302209132E-024
   5.1809651083352375E-024
   3.5461755547890249E-024
   2.4172358590984161E-024
   1.6408403266763911E-024
   1.1091266328616353E-024
   7.4652137552659383E-025
   5.0029734413277465E-025
   3.3382377953649987E-025
   2.2176218921902577E-025
   1.4666168469526458E-025
   9.6556674724774605E-026
   6.3279298778567512E-026
   4.1279244548489641E-026
   2.6802128358681916E-026
   1.7320114090935598E-026
   1.1139157114735546E-026
   7.1293501017654240E-027
   4.5406625076431060E-027
   2.8776338163909088E-027
   1.8145708373562602E-027
   1.1384375181133058E-027
   7.1058467391402027E-028
   4.4123304446365468E-028
   2.7254591384596164E-028
   1.6745740814396072E-028
   1.0233763727152609E-028
   6.2202195704192027E-029
   3.7600014955304827E-029
   2.2602404395409590E-029
   1.3510692599061930E-029
   8.0302420716679241E-030
   4.7454684508836303E-030
   2.7880465273407323E-030
   1.6284038728836846E-030
   9.4544395496641903E-031
   5.4562094391233661E-031
   3.1296627173443898E-031
   1.7841223331819235E-031
   1.0107442665078481E-031
   5.6900505071776656E-032
   3.1828588954021647E-032
   1.7689394307124751E-032
   9.7672063792358071E-033
   5.3574327235055768E-033
   2.9190316416906839E-033
   1.5797303582022136E-033
   8.4909286444875237E-034
   4.5323252708493453E-034
   2.4024026018994979E-034
   1.2644280861879849E-034
   6.6073982059658077E-035
   3.4278262114771142E-035
   1.7653166785839208E-035
   9.0241248171074778E-036
   4.5785599115266286E-036
   2.3054532193378987E-036
   1.1519912003448642E-036
   5.7117452771785730E-037
   2.8098055334867855E-037
   1.3712983276447809E-037
   6.6388966925038780E-038
   3.1880690865990843E-038
   1.5184010185728615E-038
   7.1718438211170418E-039
   3.3590686703938054E-039
   1.5599415474185223E-039
   7.1821806438582122E-040
   3.2780800543507867E-040
   1.4830445359801387E-040
   6.6499120976031496E-041
   2.9550160447678383E-041
   1.3011897802602301E-041
   5.6769152995259705E-042
   2.4537410792046851E-042
   1.0506126875407475E-042
   4.4556044938918882E-043
   1.8714259887926949E-043
   7.7838077339945857E-044
   3.2056476964662807E-044
   1.3070553760714315E-044
   5.2756548013904852E-045
   2.1077157440530975E-045
   8.3339233802063886E-046
   3.2608939528738274E-046
   1.2624694158017420E-046
   4.8355822488561202E-047
   1.8321730244672863E-047
   6.8662475056135574E-048
   2.5447932868744611E-048
   9.3263098754656976E-049
   3.3793641170316152E-049
   1.2105168519850339E-049
   4.2860735785587915E-050
   1.4998329604738992E-050
   5.1863465684718550E-051
   1.7719674559817870E-051
   5.9808790291011143E-052
   1.9940138417987818E-052
   6.5657340489630387E-053
   2.1348518979566869E-053
   6.8535915030055425E-054
   2.1720538953136321E-054
   6.7945402308794952E-055
   2.0975922697216174E-055
   6.3897999659824673E-056
   1.9203993057068240E-056
   5.6933256938256850E-057
   1.6647233255441009E-057
   4.8000989394026576E-058
   1.3646464157275359E-058
   3.8245543523901337E-059
   1.0564778218927051E-059
   2.8759812377765932E-060
   7.7140820614723705E-061
   2.0383585352485200E-061
   5.3051751333914152E-062
   1.3597702706014803E-062
   3.4316341691233113E-063
   8.5256621080468129E-064
   2.0848177905840185E-064
   5.0169664600897162E-065
   1.1878640079137591E-065
   2.7667064011939056E-066
   6.3379338189390917E-067
   1.4277004315366958E-067
   3.1618901130527818E-068
   6.8832143214446955E-069
   1.4725980040457444E-069
   3.0955517922435210E-070
   6.3924072857477274E-071
   1.2965038676563384E-071
   2.5821156790708267E-072
   5.0486877070189051E-073
   9.6892381505956711E-074
   1.8248003934392986E-074
   3.3717932085018552E-075
   6.1112555915719797E-076
   1.0862428330867834E-076
   1.8930071206795232E-077
   3.2337554155650601E-078
   5.4136639018858122E-079
   8.8797972325565796E-080
   1.4267231532592514E-080
   2.2449017774834426E-081
   3.4583649634678251E-082
   5.2149938235242313E-083
   7.6955327695323602E-084
   1.1110067011493441E-084
   1.5688364582328048E-085
   2.1662586859433362E-086
   2.9241655791671398E-087
   3.8577906007082435E-088
   4.9728471901456223E-089
   6.2615916730759711E-090
   7.6994478231207842E-091
   9.2429435598537616E-092
   1.0829694368686552E-092
   1.2380984347791118E-093
   1.3807139306775696E-094
   1.5015398037652629E-095
   1.5919455452359445E-096
   1.6449394835224336E-097
   1.6560470151176799E-098
   1.6239235626206847E-099
   1.5505877098963726E-100
   1.4412225239342263E-101
   1.3035697074742157E-102
   1.1470147215843041E-103
   9.8151433995331879E-105
   8.1653919740761654E-106
   6.6018908671142002E-107
   5.1859353720779771E-108
   3.9564729008305074E-109
   2.9306558797054301E-110
   2.1069221656271218E-111
   1.4696332641823495E-112
   9.9424704910028673E-114
   6.5215493510571755E-115
   4.1459389023733764E-116
   2.5536028186896724E-117
   1.5232914980018883E-118
   8.7973311806669072E-120
   4.9169330162526073E-121
   2.6585715712575837E-122
   1.3901015098170431E-123
   7.0261953164641915E-125
   3.4316182199327056E-126
   1.6188636807442343E-127
   7.3736019594286462E-129
   3.2413856301319003E-130
   1.3746267179538546E-131
   5.6216178694408198E-133
   2.2160401659683154E-134
   8.4168364867129575E-136
   3.0788473547722100E-137
   1.0841922897800968E-138
   3.6737707765035485E-140
   1.1973244721146668E-141
   3.7515433123185686E-143
   1.1295575010229539E-144
   3.2666806124743814E-146
   9.0698962063494357E-148
   2.4165193817532518E-149
   6.1753732297141791E-151
   1.5129038880312558E-152
   3.5515871511676316E-154
   7.9851296888388334E-156
   1.7185916560562640E-157
   3.5389546935354324E-159
   6.9689394968818974E-161
   1.3116652369526935E-162
   2.3583951843002539E-164
   4.0487168644909851E-166
   6.6327377700529583E-168
   1.0363524649961516E-169
   1.5435592189416374E-171
   2.1902789121637915E-173
   2.9593220790060449E-175
   3.8050054603174185E-177
   4.6530666020759705E-179
   5.4086888520809651E-181
   5.9725303139074036E-183
   6.2615275840085958E-185
   6.2286905115345690E-187
   5.8754840336793106E-189
   5.2523524313235714E-191
   4.4468978488250627E-193
   3.5635280090881727E-195
   2.7011357394779742E-197
   1.9354240279818034E-199
   1.3100454794126440E-201
   8.3712614197344722E-204
   5.0466149578454526E-206
   2.8682781598700244E-208
   1.5358821523803867E-210
   7.7430190121774062E-213
   3.6726146564257154E-215
   1.6377450534556871E-217
   6.8614019967831778E-220
   2.6987410424190386E-222
   9.9580397648721718E-225
   3.4445272690031573E-227
   1.1161013765274083E-229
   3.3850669337749394E-232
   9.6025820506744250E-235
   2.5458314197126122E-237
   6.3030668318644590E-240
   1.4561653837459570E-242
   3.1365910254254463E-245
   6.2942116241083778E-248
   1.1757224496465460E-250
   2.0426217578212000E-253
   3.2978146588485610E-256
   4.9436866559865651E-259
   6.8752582210607975E-262
   8.8626406892229599E-265
   1.0580144928450910E-267
   1.1686603580203618E-270
   1.1933357033100561E-273
   1.1254325290991111E-276
   9.7939776062313768E-280
   7.8573706707379372E-283
   5.8058373395557225E-286
   3.9473736256142160E-289
   2.4671117596050703E-292
   1.4160652065432432E-295
   7.4569845211129300E-299
   3.5991135877453977E-302
   1.5905302428001329E-305
   6.4292312332573490E-309
   2.3746435755794023E-312
   8.0058313260955797E-316
   2.4610892016290014E-319
   6.9169190417774516E-323
   0.0000000000000000     
   0.0000000000000000     
   0.0000000000000000     
   0.0000000000000000     
   0.0000000000000000     
   0.0000000000000000     
   0.0000000000000000     
   0.0000000000000000     
   0.0000000000000000     
   0.0000000000000000     
   0.0000000000000000     
   0.0000000000000000     
   0.0000000000000000     
   0.0000000000000000     
   0.0000000000000000     
   0.0000000000000000     
   0.0000000000000000     
   0.0000000000000000     
   0.0000000000000000     
   0.0000000000000000     
   0.0000000000000000     
   0.0000000000000000     
   0.0000000000000000     
   0.0000000000000000     
   0.0000000000000000     
   0.0000000000000000     
   0.0000000000000000     
   0.0000000000000000     
   0.0000000000000000     
   0.0000000000000000     
   0.0000000000000000     
   0.0000000000000000     
   0.0000000000000000     
   0.0000000000000000     
   0.0000000000000000     
   0.0000000000000000     
   0.0000000000000000     
   0.0000000000000000     
   0.0000000000000000     
   0.0000000000000000     
   0.0000000000000000     
   0.0000000000000000     
   0.0000000000000000     
   0.0000000000000000     
   0.0000000000000000     
   0.0000000000000000     
   0.0000000000000000     
   0.0000000000000000     
   0.0000000000000000     
   0.0000000000000000     
   0.0000000000000000     
   0.0000000000000000     
   0.0000000000000000     
   0.0000000000000000     
   0.0000000000000000     
   0.0000000000000000     
   0.0000000000000000     
   0.0000000000000000     
   0.0000000000000000     
   0.0000000000000000     
   0.0000000000000000     
   0.0000000000000000     
   0.0000000000000000     
   0.0000000000000000     
   0.0000000000000000     
   0.0000000000000000     
   0.0000000000000000     
   0.0000000000000000     
   0.0000000000000000     
   0.0000000000000000     
   0.0000000000000000     
   0.0000000000000000     
   0.0000000000000000     
   0.0000000000000000     
   0.0000000000000000     
   0.0000000000000000     
   0.0000000000000000     
   0.0000000000000000     
   0.0000000000000000     
   0.0000000000000000     
   0.0000000000000000     
   0.0000000000000000     
   0.0000000000000000     
   0.0000000000000000     
   0.0000000000000000     
   0.0000000000000000     
   0.0000000000000000     
   0.0000000000000000     
   0.0000000000000000     
   0.0000000000000000     
   0.0000000000000000     
   0.0000000000000000     
   0.0000000000000000     
   0.0000000000000000     
   0.0000000000000000     
   0.0000000000000000     
   0.0000000000000000     
   0.0000000000000000     
   0.0000000000000000     
   0.0000000000000000     
   0.0000000000000000     
   0.0000000000000000     
   0.0000000000000000     
   0.0000000000000000     
   0.0000000000000000     
   0.0000000000000000     
   0.0000000000000000     
   0.0000000000000000     
   0.0000000000000000     
   0.0000000000000000     
   0.0000000000000000     
   0.0000000000000000     
   0.0000000000000000     
   0.0000000000000000     
   0.0000000000000000     
   0.0000000000000000     
   0.0000000000000000     
   0.0000000000000000     
   0.0000000000000000     
   0.0000000000000000     
   0.0000000000000000     
   0.0000000000000000     
   0.0000000000000000     
   0.0000000000000000     
   0.0000000000000000     
   0.0000000000000000     
   0.0000000000000000     
   0.0000000000000000     
   0.0000000000000000     
   0.0000000000000000     
   0.0000000000000000     
   0.0000000000000000     
   0.0000000000000000     
   0.0000000000000000     
   0.0000000000000000     
   0.0000000000000000     
   0.0000000000000000     
   0.0000000000000000     
   0.0000000000000000     
   0.0000000000000000     
   0.0000000000000000     
   0.0000000000000000     
   0.0000000000000000     
   0.0000000000000000     
   0.0000000000000000     
   0.0000000000000000     
   0.0000000000000000     
   0.0000000000000000     
   0.0000000000000000     
   0.0000000000000000     
   0.0000000000000000     
   0.0000000000000000     
   0.0000000000000000     
   0.0000000000000000     
   0.0000000000000000     
   0.0000000000000000     
   0.0000000000000000     
   0.0000000000000000     
   0.0000000000000000     
   0.0000000000000000     
   0.0000000000000000     
   0.0000000000000000     
   0.0000000000000000     
   0.0000000000000000     
   0.0000000000000000     
   0.0000000000000000     
   0.0000000000000000     
   0.0000000000000000     
   0.0000000000000000     
   0.0000000000000000     
   0.0000000000000000     
   0.0000000000000000     
   0.0000000000000000     
   0.0000000000000000     
   0.0000000000000000     
   0.0000000000000000     
   0.0000000000000000     
   0.0000000000000000     
   0.0000000000000000     
   0.0000000000000000     
   0.0000000000000000     
   0.0000000000000000     
   0.0000000000000000     
   0.0000000000000000     
   0.0000000000000000     
   0.0000000000000000     
   0.0000000000000000     
   0.0000000000000000     
   0.0000000000000000     
   0.0000000000000000     
   0.0000000000000000     
   0.0000000000000000     
   0.0000000000000000     
   0.0000000000000000     
   0.0000000000000000     
   0.0000000000000000     
   0.0000000000000000     
   0.0000000000000000     
   0.0000000000000000     
   0.0000000000000000     
   0.0000000000000000     
   0.0000000000000000     
   0.0000000000000000     
   0.0000000000000000     
   0.0000000000000000     
   0.0000000000000000     
   0.0000000000000000     
   0.0000000000000000     
   0.0000000000000000     
   0.0000000000000000     
   0.0000000000000000     
   0.0000000000000000     
   0.0000000000000000     
   0.0000000000000000     
   0.0000000000000000     
   0.0000000000000000     
   0.0000000000000000     
   0.0000000000000000     
   0.0000000000000000     
   0.0000000000000000     
   0.0000000000000000     
   0.0000000000000000     
   0.0000000000000000     
   0.0000000000000000     
   0.0000000000000000     
   0.0000000000000000     
   0.0000000000000000     
   0.0000000000000000     
   0.0000000000000000     
   0.0000000000000000     
   0.0000000000000000     
   0.0000000000000000     
   0.0000000000000000     
   0.0000000000000000     
   0.0000000000000000     
   0.0000000000000000     
   0.0000000000000000     
   0.0000000000000000     
   0.0000000000000000     
   0.0000000000000000     
   0.0000000000000000     
   0.0000000000000000     
   0.0000000000000000     
   0.0000000000000000     
   0.0000000000000000     
   0.0000000000000000     
   0.0000000000000000     
   0.0000000000000000     
   0.0000000000000000     
   0.0000000000000000     
   0.0000000000000000     
   0.0000000000000000     
   0.0000000000000000     
   0.0000000000000000     
   0.0000000000000000     
   0.0000000000000000     
   0.0000000000000000     
   0.0000000000000000     
   0.0000000000000000     
   0.0000000000000000     
   0.0000000000000000     
   0.0000000000000000     
   0.0000000000000000     
   0.0000000000000000     
   0.0000000000000000     
   0.0000000000000000     
   0.0000000000000000     
   0.0000000000000000     
   0.0000000000000000     
   0.0000000000000000     
   0.0000000000000000     
   0.0000000000000000     
   0.0000000000000000     
   0.0000000000000000     
   0.0000000000000000     
   0.0000000000000000     
   0.0000000000000000     
   0.0000000000000000     
   0.0000000000000000     
   0.0000000000000000     
   0.0000000000000000     
   0.0000000000000000     
   0.0000000000000000     
   0.0000000000000000     
   0.0000000000000000     
   0.0000000000000000     
   0.0000000000000000     
   0.0000000000000000     
   0.0000000000000000     
   0.0000000000000000     
   0.0000000000000000     
   0.0000000000000000     
   0.0000000000000000     
   0.0000000000000000     
   0.0000000000000000     
   0.0000000000000000     
   0.0000000000000000     
   0.0000000000000000     
   0.0000000000000000     
   0.0000000000000000     
   0.0000000000000000     
   0.0000000000000000     
   0.0000000000000000     
   0.0000000000000000     
   0.0000000000000000     
   0.0000000000000000     
   0.0000000000000000     
   0.0000000000000000     
   0.0000000000000000     
   0.0000000000000000     
   0.0000000000000000     
   0.0000000000000000     
   0.0000000000000000     
   0.0000000000000000     
   0.0000000000000000     
   0.0000000000000000     
   0.0000000000000000     
   0.0000000000000000     
   0.0000000000000000     
   0.0000000000000000     
   0.0000000000000000     
   0.0000000000000000     
   0.0000000000000000     
   0.0000000000000000     
   0.0000000000000000     
   0.0000000000000000     
   0.0000000000000000     
   0.0000000000000000     
   0.0000000000000000     
   0.0000000000000000     
   0.0000000000000000     
   0.0000000000000000     
   0.0000000000000000     
   0.0000000000000000     
   0.0000000000000000     
   0.0000000000000000     
   0.0000000000000000     
   0.0000000000000000     
   0.0000000000000000     
   0.0000000000000000     
   0.0000000000000000     
   0.0000000000000000     
   0.0000000000000000     
   0.0000000000000000     
   0.0000000000000000     
   0.0000000000000000     
   0.0000000000000000     
   0.0000000000000000     
   0.0000000000000000     
   0.0000000000000000     
   0.0000000000000000     
   0.0000000000000000     
   0.0000000000000000     
   0.0000000000000000     
   0.0000000000000000     
   0.0000000000000000     
   0.0000000000000000     
   0.0000000000000000     
   0.0000000000000000     
   0.0000000000000000     
   0.0000000000000000     
   0.0000000000000000     
   0.0000000000000000     
   0.0000000000000000     
   0.0000000000000000     
   0.0000000000000000     
   0.0000000000000000     
   0.0000000000000000     
   0.0000000000000000     
   0.0000000000000000     
   0.0000000000000000     
   0.0000000000000000     
   0.0000000000000000     
   0.0000000000000000     
   0.0000000000000000     
   0.0000000000000000     
   0.0000000000000000     
   0.0000000000000000     
   0.0000000000000000     
   0.0000000000000000     
   0.0000000000000000     
   0.0000000000000000     
   0.0000000000000000     
   0.0000000000000000     
   0.0000000000000000     
   0.0000000000000000     
   0.0000000000000000     
   0.0000000000000000     
   0.0000000000000000     
   0.0000000000000000     
   0.0000000000000000     
   0.0000000000000000     
   0.0000000000000000     
   0.0000000000000000     
   0.0000000000000000     
   0.0000000000000000     
   0.0000000000000000     
   0.0000000000000000     
   0.0000000000000000     
   0.0000000000000000     
   0.0000000000000000     
   0.0000000000000000     
   0.0000000000000000     
   0.0000000000000000     
   0.0000000000000000     
   0.0000000000000000     
   0.0000000000000000     
   0.0000000000000000     
   0.0000000000000000     
   0.0000000000000000     
   0.0000000000000000     
   0.0000000000000000     
   0.0000000000000000     
   0.0000000000000000     
   0.0000000000000000     
   0.0000000000000000     
   0.0000000000000000     
   0.0000000000000000     
   0.0000000000000000     
   0.0000000000000000     
   0.0000000000000000     
   0.0000000000000000     
   0.0000000000000000     
   0.0000000000000000     
   0.0000000000000000     
   0.0000000000000000     
   0.0000000000000000     
   0.0000000000000000     
   0.0000000000000000     
   0.0000000000000000     
   0.0000000000000000     
   0.0000000000000000     
   0.0000000000000000     
   0.0000000000000000     
   0.0000000000000000     
   0.0000000000000000     
   0.0000000000000000     
   0.0000000000000000     
   0.0000000000000000     
   0.0000000000000000     
   0.0000000000000000     
   0.0000000000000000     
   0.0000000000000000     
   0.0000000000000000     
   0.0000000000000000     
   0.0000000000000000     
   0.0000000000000000     
   0.0000000000000000     
   0.0000000000000000     
   0.0000000000000000     
   0.0000000000000000     
   0.0000000000000000     
   0.0000000000000000     
   0.0000000000000000     
   0.0000000000000000     
   0.0000000000000000     
   0.0000000000000000     
   0.0000000000000000     
   0.0000000000000000     
   0.0000000000000000     
   0.0000000000000000     
   0.0000000000000000     
   0.0000000000000000     
   0.0000000000000000     
   0.0000000000000000     
   0.0000000000000000     
   0.0000000000000000     
   0.0000000000000000     
   0.0000000000000000     
   0.0000000000000000     
   0.0000000000000000     
   0.0000000000000000     
   0.0000000000000000     
   0.0000000000000000     
   0.0000000000000000     
   0.0000000000000000     
   0.0000000000000000     
   0.0000000000000000     
   0.0000000000000000     
   0.0000000000000000     
   0.0000000000000000     
   0.0000000000000000     
   0.0000000000000000     
   0.0000000000000000     
   0.0000000000000000     
   0.0000000000000000     
   0.0000000000000000     
   0.0000000000000000     
   0.0000000000000000     
   0.0000000000000000     
   0.0000000000000000     
   0.0000000000000000     
   0.0000000000000000     
   0.0000000000000000     
   0.0000000000000000     
   0.0000000000000000     
   0.0000000000000000     
   0.0000000000000000     
   0.0000000000000000     
   0.0000000000000000     
   0.0000000000000000     
   0.0000000000000000     
   0.0000000000000000     
   0.0000000000000000     
   0.0000000000000000     
   0.0000000000000000     
   0.0000000000000000     
   0.0000000000000000     
   0.0000000000000000     
   0.0000000000000000     
   0.0000000000000000     
   0.0000000000000000     
   0.0000000000000000     
   0.0000000000000000     
   0.0000000000000000     
   0.0000000000000000     
   0.0000000000000000     
   0.0000000000000000     
   0.0000000000000000     
   0.0000000000000000     
   0.0000000000000000     
   0.0000000000000000     
   0.0000000000000000     
   0.0000000000000000     
   0.0000000000000000     
   0.0000000000000000     
   0.0000000000000000     
   0.0000000000000000     
   0.0000000000000000     
   0.0000000000000000     
   0.0000000000000000     
   0.0000000000000000     
   0.0000000000000000     
   0.0000000000000000     
