   0.0000000000000000     
   0.0000000000000000     
   1.9399331600589007E-007
   1.8180640908915360E-006
   4.6207549665948689E-006
   9.4116592065509658E-006
   1.9244066223777351E-005
   3.3429540822815183E-005
   5.5047892926624971E-005
   8.4452043228169183E-005
   1.1658879460784849E-004
   1.4175917732541291E-004
   1.4722724711635894E-004
   1.4755390344991178E-004
   1.4755240814743023E-004
   1.4754723557244869E-004
   1.4753855447438560E-004
   1.4752403701318980E-004
   1.4749985674551586E-004
   1.4745976611088026E-004
   1.4739364507605508E-004
   1.4728525610887565E-004
   1.4710884689400923E-004
   1.4682415979578496E-004
   1.4636940281548096E-004
   1.4565195893047407E-004
   1.4453734049979842E-004
   1.4283855539469232E-004
   1.4031091028089571E-004
   1.3665986331099183E-004
   1.3156232643124195E-004
   1.2465088984107723E-004
   1.1559234424143833E-004
   1.0432435935774456E-004
   9.1013865748608929E-005
   7.6114346979145892E-005
   6.0323231993045358E-005
   4.4455935086409061E-005
   2.9459879764827341E-005
   1.6749434095824342E-005
   8.0087635885483487E-006
   3.4482849518749010E-006
   1.4548440472256085E-006
   6.1342025134176372E-007
   2.5864137389517321E-007
   1.0905138519394361E-007
   4.5978215434289504E-008
   1.9384481273075750E-008
   8.1720166899448974E-009
   3.4448227727924611E-009
   1.4519563944624503E-009
   6.1188745915523921E-010
   2.5780856780986428E-010
   1.0859259874065656E-010
   4.5723433185412731E-011
   1.9242348829587806E-011
   8.0925551815313653E-012
   3.4003599234353380E-012
   1.4270802899603956E-012
   5.9798047713562132E-013
   2.5004387999959880E-013
   1.0426476722494598E-013
   4.3316352653352101E-014
   1.7907400435163927E-014
   7.3550065597535561E-015
   2.9949107943891533E-015
   1.2063990252807915E-015
   4.7881930501333252E-016
   1.8637333114495077E-016
   7.0743010841877774E-017
   2.5974263466801846E-017
   9.1289798151535105E-018
   3.0283914600156250E-018
   9.3021587054403368E-019
   2.5758880310104067E-019
   6.1887457581656198E-020
   1.2187218782222447E-020
   1.7978306625418536E-021
   1.7122816884860233E-022
   8.1050034012957716E-024
   1.1829743450713925E-025
   2.2363034765079847E-028
   1.1441346277659806E-032
   9.7603045097712118E-040
   9.6104510766018098E-052
   1.5798791666122642E-072
   7.4227624667760296E-109
   4.6888124920277157E-173
   2.5713985770113003E-287
   0.0000000000000000     
   0.0000000000000000     
   0.0000000000000000     
   0.0000000000000000     
   0.0000000000000000     
   0.0000000000000000     
   0.0000000000000000     
   0.0000000000000000     
   0.0000000000000000     
   0.0000000000000000     
   0.0000000000000000     
