   630.93086742791684     
   398.08613919756033     
   251.17193746538035     
   158.47604956263294     
   99.989459630002116     
   63.087362048778616     
   39.804066736491130     
   25.113581893304200     
   15.844736062078342     
   9.9966672221604984     
   6.3069262394973675     
   3.9789690698444415     
   2.5102163628299001     
   1.5835667239598024     
  0.99894646280701516     
  0.63012060431291506     
  0.39744263836148425     
  0.25066090058641805     
  0.15807023250773389     
   9.9667221605452327E-002
   6.2831513149033555E-002
   3.9600952519040139E-002
   2.4952356229844038E-002
   1.5716783542675257E-002
   9.8951443533265692E-003
   6.2263970033199821E-003
   3.9151154363880466E-003
   2.4596083395776016E-003
   1.5434796966483572E-003
   9.6721610048200587E-004
   6.0502760191502678E-004
   3.7762115919401287E-004
   2.3502584324507794E-004
   1.4575944951774041E-004
   8.9995613535597511E-005
   5.5254554821322243E-005
   3.3685710867740371E-005
   2.0354459244243428E-005
   1.2162117931271756E-005
   7.1653131057378930E-006
   4.1471704004115480E-006
   2.3472708784580093E-006
   1.2916837487321702E-006
   6.8606804955699946E-007
   3.4850853674870155E-007
   1.6737124323111858E-007
   7.4895748734519440E-008
   3.0661661862252582E-008
   1.1222564310705647E-008
   3.5673993347252399E-009
   9.4955210695624975E-010
   2.0213061949099239E-010
   3.2475956837606196E-011
   3.6616088190441121E-012
   2.6432254454981457E-013
   1.0884498422300119E-014
   2.2109130739672558E-016
   1.8448323229100906E-018
   5.0225125194891642E-021
   3.3382377953649989E-024
   3.7600014955304825E-028
   4.5323252708493459E-033
   3.2780800543507866E-039
   6.8662475056135574E-047
   1.6647233255441010E-056
   1.4725980040457442E-068
   1.1110067011493441E-083
   1.1470147215843041E-102
   1.6188636807442343E-126
   1.7185916560562641E-156
   3.5635280090881724E-194
   1.4561653837459570E-241
   3.5991135877453974E-301
   0.0000000000000000     
   0.0000000000000000     
   0.0000000000000000     
   0.0000000000000000     
   0.0000000000000000     
   0.0000000000000000     
   0.0000000000000000     
   0.0000000000000000     
   0.0000000000000000     
   0.0000000000000000     
   0.0000000000000000     
   0.0000000000000000     
   0.0000000000000000     
   0.0000000000000000     
   0.0000000000000000     
   0.0000000000000000     
   0.0000000000000000     
   0.0000000000000000     
   0.0000000000000000     
   0.0000000000000000     
   0.0000000000000000     
   0.0000000000000000     
   0.0000000000000000     
   0.0000000000000000     
   0.0000000000000000     
   0.0000000000000000     
   0.0000000000000000     
