   0.0000000000000000     
   0.0000000000000000     
   0.0000000000000000     
   0.0000000000000000     
   0.0000000000000000     
   0.0000000000000000     
   0.0000000000000000     
   0.0000000000000000     
   0.0000000000000000     
   0.0000000000000000     
   0.0000000000000000     
   0.0000000000000000     
   0.0000000000000000     
   0.0000000000000000     
   0.0000000000000000     
   0.0000000000000000     
   0.0000000000000000     
   0.0000000000000000     
   0.0000000000000000     
   0.0000000000000000     
   0.0000000000000000     
   0.0000000000000000     
   0.0000000000000000     
   0.0000000000000000     
   0.0000000000000000     
   0.0000000000000000     
   0.0000000000000000     
   0.0000000000000000     
   0.0000000000000000     
   0.0000000000000000     
   0.0000000000000000     
   0.0000000000000000     
   0.0000000000000000     
   0.0000000000000000     
   0.0000000000000000     
   0.0000000000000000     
   0.0000000000000000     
   0.0000000000000000     
   0.0000000000000000     
   0.0000000000000000     
   0.0000000000000000     
   0.0000000000000000     
   0.0000000000000000     
   6.2595560746344518E-014
   8.1862060921232358E-014
   1.1105513555099549E-013
   1.5583324157139797E-013
   2.2464698853050908E-013
   3.3498882605456415E-013
   5.8815376020533971E-013
   9.6305156828277131E-013
   1.4410996998933577E-012
   1.8235422160644224E-012
   1.9034831808022835E-012
   1.6815549764356843E-012
   1.1718032825824306E-012
   6.3481032764826688E-013
   2.8332804808441065E-013
   1.1547390633360607E-013
   4.4447532963108981E-014
   1.5109460774427702E-014
   4.6477319770573586E-015
   1.4097051513522130E-015
   4.2976532022580940E-016
   1.3213316831990878E-016
   4.0945600576561508E-017
   1.2732646528230288E-017
   3.9398165026079480E-018
   1.1983197949929005E-018
   3.5260096242389971E-019
   9.8416426379895528E-020
   2.5448170471285913E-020
   5.9300052506961507E-021
   1.2054775289537846E-021
   2.0570647951149891E-022
   2.7985599184187050E-023
   2.7850096329346674E-024
   1.7957043904363553E-025
   5.8027615953568660E-027
   6.6761698151716398E-029
   2.1026021262904005E-031
   1.2759360663079677E-034
   2.7417490500753510E-039
   5.7138164417574262E-046
   1.1901154344533315E-053
   1.3910989910428638E-059
   1.5526891637498237E-065
   1.5848188000320768E-071
   1.3839659733905064E-077
   9.7142379226783897E-084
   5.2252786010192391E-090
   2.0766762244382835E-096
   5.9087864581524665E-103
   1.1676484384855410E-109
   1.5548180122322553E-116
   1.3605479151231621E-123
   8.2194419280914292E-131
   7.6923646809002041E-138
   3.5547948331841317E-144
   2.6763991024734339E-150
