   287898111534999.69     
   121382355735031.78     
   51174514968709.555     
   21573718459114.734     
   9094082705279.6465     
   3833027791319.0933     
   1615313276416.8604     
   680582070285.28357     
   286670750508.60480     
   120705313506.53732     
   50799391838.376587     
   21365507533.307922     
   8978502736.8860607     
   3768932712.6411662     
   1579834675.8298795     
   660993648.45111120     
   275890514.87295955     
   114795904.53735487     
   47575310.957854532     
   19616359.238877811     
   8035831.7726578983     
   3264863.8056656872     
   1312769.5069570239     
   521019.00209608226     
   203448.97119476442     
   77854.211340460155     
   29057.248426157563     
   10516.132534029040     
   3664.7743702559555     
   1219.4451784530047     
   383.51620013733805     
   112.61325607759704     
   30.420514999781606     
   7.4264809382389023     
   1.6036560655855880     
  0.29846232890216728     
   4.6399374200561103E-002
   5.8013651656728853E-003
   5.5724572163924917E-004
   3.8902953409088157E-005
   1.8458084872220323E-006
   5.4872879230607693E-008
   9.2627117606710787E-010
   7.8800845426184711E-012
   2.9240357384627287E-014
   3.9724822989102114E-017
   1.5982561027814129E-020
   1.4727061383351825E-024
   2.2762903794366840E-029
   4.0468357818286348E-035
   5.2388687614343581E-042
   2.8381758178947134E-050
   3.2890372586924070E-060
   3.6158511633832950E-072
   1.4081319162755518E-086
   5.8889668410900110E-104
   6.2290158255856085E-125
   2.8904315144757955E-150
   7.0453910668652876E-181
   6.8944263924208669E-218
   1.2016131320295891E-262
   0.0000000000000000     
   0.0000000000000000     
   0.0000000000000000     
   0.0000000000000000     
   0.0000000000000000     
   0.0000000000000000     
   0.0000000000000000     
   0.0000000000000000     
   0.0000000000000000     
   0.0000000000000000     
   0.0000000000000000     
   0.0000000000000000     
   0.0000000000000000     
   0.0000000000000000     
   0.0000000000000000     
   0.0000000000000000     
   0.0000000000000000     
   0.0000000000000000     
   0.0000000000000000     
   0.0000000000000000     
   0.0000000000000000     
   0.0000000000000000     
   0.0000000000000000     
   0.0000000000000000     
   0.0000000000000000     
   0.0000000000000000     
   0.0000000000000000     
   0.0000000000000000     
   0.0000000000000000     
   0.0000000000000000     
   0.0000000000000000     
   0.0000000000000000     
   0.0000000000000000     
   0.0000000000000000     
   0.0000000000000000     
   0.0000000000000000     
   0.0000000000000000     
   0.0000000000000000     
   0.0000000000000000     
